   0.500000        985.914       0.290094          999920
    330.000       0.197902       0.179342E-02       12043
    390.000        2.96589       0.638005E-02      180475
    450.000        3.20109       0.657597E-02      194798
    510.000        2.60062       0.604638E-02      158254
    570.000        1.95251       0.534823E-02      118816
    630.000        1.43353       0.465623E-02       87235
    690.000        1.04770       0.402673E-02       63755
    750.000       0.764179       0.346762E-02       46503
    810.000       0.557376       0.297929E-02       33916
    870.000       0.414794       0.258057E-02       25241
    930.000       0.310099       0.223785E-02       18871
    990.000       0.233311       0.194532E-02       14198
    1050.00       0.172537       0.167579E-02       10499
    1110.00       0.131919       0.146702E-02        8027
    1170.00       0.100229       0.127984E-02        6099
    1230.00       0.749857E-01   0.110777E-02        4563
    1290.00       0.586426E-01   0.980015E-03        3569
    1350.00       0.452098E-01   0.860884E-03        2751
    1410.00       0.364982E-01   0.773679E-03        2221
    1470.00       0.267813E-01   0.662855E-03        1630
    10.0000       0.804930       0.625238E-02       32654
    30.0000        2.34120       0.105079E-01       94978
    50.0000        3.69890       0.130328E-01      150060
    70.0000        4.60473       0.144100E-01      186804
    90.0000        4.92000       0.148475E-01      199594
    110.000        4.69021       0.145305E-01      190274
    130.000        4.32995       0.140120E-01      175664
    150.000        3.91019       0.133719E-01      158630
    170.000        3.49732       0.126981E-01      141884
    190.000        3.00656       0.118309E-01      121968
    210.000        2.52560       0.108943E-01      102460
    230.000        2.10570       0.998809E-02       85424
    250.000        1.71493       0.904778E-02       69570
    270.000        1.40469       0.821272E-02       56986
    290.000        1.14065       0.741933E-02       46274
    310.000       0.918294       0.667095E-02       37254
    330.000       0.733733       0.597343E-02       29766
    350.000       0.589474       0.536152E-02       23912
    370.000       0.466154       0.477303E-02       18912
    390.000       0.372845       0.427274E-02       15124
    10.0000        2.31623       0.104541E-01       46984
    30.0000        4.57514       0.143680E-01       92801
    50.0000        5.63546       0.157742E-01      114308
    70.0000        6.54755       0.168415E-01      132811
    90.0000        7.85580       0.181913E-01      159346
    110.000        8.95247       0.191869E-01      181597
    130.000        7.88890       0.182227E-01      160022
    150.000        2.96972       0.117623E-01       60238
    170.000        1.10522       0.730555E-02       22419
    190.000       0.554847       0.520331E-02       11254
    210.000       0.316759       0.394021E-02        6425
    230.000       0.191477       0.306697E-02        3884
    250.000       0.119324       0.242295E-02        2420
    270.000       0.790403E-01   0.197273E-02        1603
    290.000       0.515769E-01   0.159398E-02        1046
    310.000       0.360809E-01   0.133316E-02         732
    330.000       0.245502E-01   0.109988E-02         498
    350.000       0.164668E-01   0.900898E-03         334
    370.000       0.132598E-01   0.808368E-03         269
    390.000       0.103538E-01   0.714419E-03         210
    10.0000        0.00000        0.00000               0
    30.0000       0.653902       0.564308E-02       13265
    50.0000        1.74626       0.912738E-02       35420
    70.0000        2.38975       0.106114E-01       48473
    90.0000        3.34201       0.124321E-01       67790
    110.000        4.21674       0.138436E-01       85532
    130.000        4.67205       0.145049E-01       94770
    150.000        4.61126       0.144192E-01       93536
    170.000        4.28373       0.139437E-01       86891
    190.000        3.82954       0.132439E-01       77679
    210.000        3.26062       0.122898E-01       66138
    230.000        2.79711       0.114346E-01       56738
    250.000        2.28949       0.103965E-01       46439
    270.000        1.92727       0.957192E-02       39093
    290.000        1.58069       0.869745E-02       32063
    310.000        1.30323       0.791820E-02       26435
    330.000        1.05643       0.714579E-02       21429
    350.000       0.868442       0.649032E-02       17616
    370.000       0.722361       0.592766E-02       14652
    390.000       0.597088       0.539534E-02       12112
    5.00000        0.00000        0.00000               0
    15.0000       0.119891E-01   0.113049E-02         115
    25.0000       0.358260       0.593399E-02        3633
    35.0000        1.01686       0.996631E-02       10312
    45.0000        1.71901       0.129154E-01       17433
    55.0000        2.42140       0.152774E-01       24558
    65.0000        3.23974       0.176023E-01       32859
    75.0000        4.19486       0.199384E-01       42545
    85.0000        5.32137       0.223345E-01       53969
    95.0000        6.68006       0.248578E-01       67747
    105.000        7.91606       0.268937E-01       80287
    115.000        8.77189       0.281887E-01       88968
    125.000        8.94301       0.284385E-01       90697
    135.000        8.21273       0.273525E-01       83295
    145.000        6.38964       0.243457E-01       64805
    155.000        3.71426       0.188051E-01       37670
    165.000        2.68226       0.160591E-01       27204
    175.000        2.43898       0.153317E-01       24735
    185.000        2.28934       0.148637E-01       23220
    195.000        2.07087       0.141513E-01       21004
    5.00000        0.00000        0.00000               0
    15.0000       0.871004E-01   0.292999E-02         883
    25.0000       0.872032       0.923528E-02        8844
    35.0000        1.63663       0.126066E-01       16599
    45.0000        2.44567       0.153523E-01       24803
    55.0000        3.33860       0.178608E-01       33860
    65.0000        4.51390       0.206517E-01       45777
    75.0000        6.14761       0.239088E-01       62350
    85.0000        7.96560       0.269713E-01       80788
    95.0000        9.40143       0.290905E-01       95349
    105.000        10.2445       0.302364E-01      103901
    115.000        10.2289       0.302156E-01      103743
    125.000        9.55123       0.292989E-01       96869
    135.000        7.99602       0.270183E-01       81099
    145.000        5.75748       0.231821E-01       58393
    155.000        3.11097       0.172598E-01       31552
    165.000        2.08479       0.141984E-01       21144
    175.000        1.78161       0.131441E-01       18069
    185.000        1.52287       0.121670E-01       15445
    195.000        1.33151       0.113873E-01       13504
    5.00000        0.00000        0.00000               0
    15.0000       0.347697       0.584601E-02        3526
    25.0000        1.58416       0.124058E-01       16067
    35.0000        2.30115       0.149017E-01       23338
    45.0000        2.98163       0.169077E-01       30240
    55.0000        3.72501       0.188309E-01       37780
    65.0000        4.74698       0.211536E-01       48144
    75.0000        5.79490       0.232533E-01       58771
    85.0000        6.49501       0.245335E-01       65871
    95.0000        6.79906       0.250631E-01       68957
    105.000        6.71939       0.249261E-01       68145
    115.000        6.40040       0.243653E-01       64913
    125.000        5.87610       0.234059E-01       59597
    135.000        5.34855       0.223880E-01       54247
    145.000        4.80750       0.212817E-01       48758
    155.000        4.20905       0.199709E-01       42688
    165.000        3.68900       0.187429E-01       37415
    175.000        3.25133       0.176326E-01       32977
    185.000        2.80534       0.164143E-01       28451
    195.000        2.44821       0.153596E-01       24830
    5.00000        0.00000        0.00000               0
    15.0000       0.984475E-01   0.311489E-02         998
    25.0000        1.22773       0.109401E-01       12451
    35.0000        2.63693       0.159267E-01       26743
    45.0000        4.09535       0.197105E-01       41533
    55.0000        5.54179       0.227678E-01       56205
    65.0000        7.19359       0.257301E-01       72956
    75.0000        9.08852       0.286475E-01       92176
    85.0000        10.7578       0.309031E-01      109107
    95.0000        11.7854       0.321741E-01      119527
    105.000        11.9299       0.323461E-01      120996
    115.000        11.1311       0.313739E-01      112895
    125.000        9.65118       0.294367E-01       97883
    135.000        7.33304       0.259595E-01       74375
    145.000        4.32539       0.202337E-01       43868
    155.000        1.13239       0.105110E-01       11485
    165.000       0.172853       0.412515E-02        1753
    175.000       0.952746E-01   0.306407E-02         966
    185.000       0.632747E-01   0.249655E-02         642
    195.000       0.527316E-01   0.227925E-02         535
    10.0000        0.00000        0.00000               0
    30.0000        0.00000        0.00000               0
    50.0000        3.81085       0.132139E-01       77299
    70.0000        10.1719       0.201732E-01      206327
    90.0000        10.2616       0.202411E-01      208150
    110.000        7.75955       0.180983E-01      157395
    130.000        5.43538       0.155236E-01      110251
    150.000        3.73187       0.130865E-01       75699
    170.000        2.53637       0.109164E-01       51448
    190.000        1.72415       0.907126E-02       34972
    210.000        1.17196       0.751808E-02       23773
    230.000       0.798972       0.622936E-02       16207
    250.000       0.548537       0.517395E-02       11126
    270.000       0.386432       0.434923E-02        7838
    290.000       0.266475       0.361564E-02        5405
    310.000       0.192070       0.307170E-02        3896
    330.000       0.136211       0.258807E-02        2763
    350.000       0.952155E-01   0.216489E-02        1931
    370.000       0.668575E-01   0.181449E-02        1356
    390.000       0.478385E-01   0.153533E-02         970
    10.0000        0.00000        0.00000               0
    30.0000        0.00000        0.00000               0
    50.0000        22.5973       0.254476E-01      458369
    70.0000        12.5917       0.218160E-01      255415
    90.0000        6.29025       0.165521E-01      127589
    110.000        3.36715       0.124759E-01       68298
    130.000        1.83131       0.933926E-02       37146
    150.000        1.04115       0.709495E-02       21119
    170.000       0.606184       0.543592E-02       12296
    190.000       0.357000       0.418121E-02        7242
    210.000       0.220144       0.328749E-02        4466
    230.000       0.137017       0.259586E-02        2779
    250.000       0.861776E-01   0.205959E-02        1748
    270.000       0.563020E-01   0.166520E-02        1142
    290.000       0.373325E-01   0.135641E-02         757
    310.000       0.253985E-01   0.111893E-02         515
    330.000       0.149782E-01   0.858953E-03         304
    350.000       0.113427E-01   0.747843E-03         230
    370.000       0.789436E-02   0.624057E-03         160
    390.000       0.556876E-02   0.523845E-03         113
    10.0000        0.00000        0.00000               0
    30.0000        0.00000        0.00000               0
    50.0000        13.2041       0.161293E-01      535668
    70.0000        11.3818       0.154932E-01      461742
    90.0000        8.27590       0.132931E-01      335739
    110.000        5.56335       0.112728E-01      225693
    130.000        3.63334       0.933206E-02      147397
    150.000        2.38651       0.766565E-02       96818
    170.000        1.57128       0.627385E-02       63744
    190.000        1.04058       0.511957E-02       42214
    210.000       0.696050       0.420721E-02       28239
    230.000       0.467994       0.345062E-02       18986
    250.000       0.317357       0.284446E-02       12874
    270.000       0.221367       0.237245E-02        8980
    290.000       0.151904       0.196214E-02        6162
    310.000       0.108734       0.166232E-02        4411
    330.000       0.755948E-01   0.137989E-02        3067
    350.000       0.532791E-01   0.116081E-02        2161
    370.000       0.373759E-01   0.976848E-03        1516
    390.000       0.267036E-01   0.822191E-03        1083
    5.00000        0.00000        0.00000               0
    15.0000        0.00000        0.00000               0
    25.0000        0.00000        0.00000               0
    35.0000        21.8301       0.414381E-01      221400
    45.0000        17.9718       0.384315E-01      182270
    55.0000        14.1541       0.348223E-01      143552
    65.0000        10.7769       0.309273E-01      109300
    75.0000        8.08150       0.271509E-01       81965
    85.0000        6.04522       0.237207E-01       61312
    95.0000        4.56496       0.207620E-01       46299
    105.000        3.42049       0.180717E-01       34690
    115.000        2.54628       0.156575E-01       25823
    125.000        1.93891       0.137015E-01       19666
    135.000        1.49448       0.120548E-01       15157
    145.000        1.14755       0.105803E-01       11639
    155.000       0.892232       0.934067E-02        9049
    165.000       0.708350       0.832986E-02        7184
    175.000       0.571768       0.748846E-02        5799
    185.000       0.449433       0.664315E-02        4558
    195.000       0.351317       0.587605E-02        3563
    5.00000        0.00000        0.00000               0
    15.0000        0.00000        0.00000               0
    25.0000        0.00000        0.00000               0
    35.0000        21.6905       0.413390E-01      219985
    45.0000        18.0589       0.385059E-01      183155
    55.0000        14.0969       0.347623E-01      142973
    65.0000        10.7774       0.309284E-01      109303
    75.0000        8.15325       0.272612E-01       82693
    85.0000        6.11132       0.238426E-01       61981
    95.0000        4.52361       0.206719E-01       45880
    105.000        3.42119       0.180731E-01       34698
    115.000        2.56201       0.157042E-01       25984
    125.000        1.95500       0.137572E-01       19829
    135.000        1.49636       0.120619E-01       15177
    145.000        1.15255       0.106038E-01       11688
    155.000       0.898339       0.937227E-02        9111
    165.000       0.703617       0.830218E-02        7136
    175.000       0.553696       0.736962E-02        5616
    185.000       0.446913       0.662491E-02        4532
    195.000       0.363835       0.597943E-02        3690
    5.00000        0.00000        0.00000               0
    15.0000        0.00000        0.00000               0
    25.0000        0.00000        0.00000               0
    35.0000        21.7603       0.299218E-01      441385
    45.0000        18.0153       0.277481E-01      365425
    55.0000        14.1255       0.248937E-01      286525
    65.0000        10.7771       0.219845E-01      218603
    75.0000        8.11738       0.193203E-01      164658
    85.0000        6.07827       0.168762E-01      123293
    95.0000        4.54428       0.147270E-01       92179
    105.000        3.42084       0.128647E-01       69388
    115.000        2.55415       0.111688E-01       51807
    125.000        1.94696       0.978395E-02       39495
    135.000        1.49542       0.859832E-02       30334
    145.000        1.15005       0.754942E-02       23327
    155.000       0.895285       0.666242E-02       18160
    165.000       0.705983       0.593550E-02       14320
    175.000       0.562732       0.529668E-02       11415
    185.000       0.448173       0.472919E-02        9090
    195.000       0.357576       0.421704E-02        7253
    5.00000        1.58448       0.124079E-01       16068
    15.0000        4.20806       0.199686E-01       42678
    25.0000        6.24599       0.240880E-01       63346
    35.0000        7.90828       0.268819E-01       80206
    45.0000        9.30661       0.289571E-01       94389
    55.0000        10.5113       0.305858E-01      106607
    65.0000        11.7581       0.321417E-01      119249
    75.0000        11.6325       0.319900E-01      117978
    85.0000        10.0532       0.299820E-01      101961
    95.0000        7.80550       0.267200E-01       79165
    105.000        5.68742       0.230479E-01       57685
    115.000        3.92270       0.193061E-01       39784
    125.000        2.63953       0.159342E-01       26770
    135.000        1.68519       0.127891E-01       17092
    145.000        1.07427       0.102403E-01       10896
    155.000       0.683125       0.818129E-02        6928
    165.000       0.464682       0.675418E-02        4713
    175.000       0.320398       0.561270E-02        3249
    185.000       0.242689       0.488661E-02        2461
    195.000       0.173175       0.412930E-02        1756
    5.00000       0.552470       0.736187E-02        5603
    15.0000        1.74606       0.130144E-01       17709
    25.0000        3.06181       0.171265E-01       31055
    35.0000        4.40819       0.204182E-01       44708
    45.0000        5.59272       0.228662E-01       56723
    55.0000        6.37544       0.243206E-01       64661
    65.0000        6.80401       0.250718E-01       69007
    75.0000        7.03023       0.254560E-01       71304
    85.0000        7.04542       0.254827E-01       71452
    95.0000        6.87261       0.251894E-01       69702
    105.000        6.47895       0.245045E-01       65711
    115.000        5.97618       0.235932E-01       60610
    125.000        5.24053       0.221728E-01       53149
    135.000        4.43897       0.204865E-01       45019
    145.000        3.66751       0.186905E-01       37196
    155.000        3.10449       0.172426E-01       31485
    165.000        2.63964       0.159343E-01       26772
    175.000        2.27578       0.148210E-01       23081
    185.000        1.98829       0.138716E-01       20167
    195.000        1.72580       0.129401E-01       17503
    5.00000        1.30563       0.112777E-01       13241
    15.0000        3.76997       0.189403E-01       38236
    25.0000        5.32612       0.223437E-01       54018
    35.0000        6.26017       0.241132E-01       63492
    45.0000        6.77937       0.250292E-01       68757
    55.0000        7.21926       0.257727E-01       73216
    65.0000        7.59466       0.263844E-01       77027
    75.0000        8.36275       0.275806E-01       84815
    85.0000        8.35885       0.275746E-01       84776
    95.0000        7.64092       0.264587E-01       77495
    105.000        6.62195       0.247562E-01       67160
    115.000        5.54853       0.227807E-01       56274
    125.000        4.44409       0.204974E-01       45073
    135.000        3.47413       0.182082E-01       35234
    145.000        2.66820       0.160180E-01       27062
    155.000        2.14501       0.143977E-01       21755
    165.000        1.72252       0.129282E-01       17469
    175.000        1.42448       0.117726E-01       14448
    185.000        1.18760       0.107618E-01       12044
    195.000       0.997960       0.987342E-02       10122
    5.00000        0.00000        0.00000               0
    15.0000        0.00000        0.00000               0
    25.0000        0.00000        0.00000               0
    35.0000        0.00000        0.00000               0
    45.0000        15.0331       0.357187E-01      152470
    55.0000        15.2266       0.359101E-01      154430
    65.0000        14.3400       0.350157E-01      145437
    75.0000        12.7721       0.333216E-01      129534
    85.0000        10.5319       0.306125E-01      106816
    95.0000        8.36454       0.275835E-01       84833
    105.000        6.29202       0.241709E-01       63814
    115.000        4.57125       0.207760E-01       46361
    125.000        3.24092       0.176056E-01       32870
    135.000        2.24970       0.147375E-01       22817
    145.000        1.53970       0.122331E-01       15616
    155.000        1.07518       0.102447E-01       10905
    165.000       0.779495       0.873556E-02        7905
    175.000       0.550165       0.734631E-02        5580
    185.000       0.419154       0.641634E-02        4251
    195.000       0.326441       0.566462E-02        3311
   -2.85000       0.399242       0.256087E-01         243
   -2.55000        5.71268       0.970073E-01        3477
   -2.25000        30.0296       0.223443           18274
   -1.95000        81.9788       0.370306           49886
   -1.65000        145.111       0.490390           88303
   -1.35000        204.676       0.576495          124553
   -1.05000        250.582       0.630854          152489
  -0.750000        286.733       0.666608          174488
  -0.450000        313.084       0.691257          190515
  -0.150000        327.085       0.703294          199037
   0.150000        326.117       0.701974          198453
   0.450000        312.000       0.689768          189860
   0.750000        287.119       0.666894          174718
    1.05000        250.562       0.630129          152471
    1.35000        203.094       0.574901          123586
    1.65000        144.223       0.489319           87761
    1.95000        81.4593       0.369727           49568
    2.25000        30.4532       0.225238           18531
    2.55000        5.56194       0.957332E-01        3385
    2.85000       0.391161       0.253526E-01         238
   -2.85000        0.00000        0.00000               0
   -2.55000        17.4315       0.169374           10607
   -2.25000        70.5776       0.341834           42950
   -1.95000        106.627       0.418511           64885
   -1.65000        148.536       0.491089           90391
   -1.35000        193.921       0.557593          118004
   -1.05000        237.125       0.610209          144300
  -0.750000        269.842       0.645517          164208
  -0.450000        294.631       0.669989          179290
  -0.150000        306.568       0.681045          186555
   0.150000        307.181       0.681855          186927
   0.450000        294.345       0.670421          179114
   0.750000        269.095       0.644642          163751
    1.05000        234.572       0.607093          142740
    1.35000        192.799       0.555997          117321
    1.65000        148.067       0.490857           90101
    1.95000        106.759       0.418787           64966
    2.25000        70.9049       0.342537           43145
    2.55000        17.3959       0.169257           10585
    2.85000        0.00000        0.00000               0
   -2.85000        0.00000        0.00000               0
   -2.55000        16.8702       0.234918            5133
   -2.25000        69.5796       0.473561           21171
   -1.95000        105.837       0.581054           32202
   -1.65000        148.538       0.684132           45195
   -1.35000        193.631       0.775977           58916
   -1.05000        236.019       0.851371           71812
  -0.750000        271.132       0.907730           82495
  -0.450000        295.449       0.944089           89894
  -0.150000        308.951       0.963460           93999
   0.150000        309.311       0.963953           94112
   0.450000        296.681       0.945877           90270
   0.750000        269.390       0.905046           81965
    1.05000        235.186       0.849967           71559
    1.35000        191.173       0.771335           58165
    1.65000        147.258       0.681310           44805
    1.95000        105.208       0.579379           32010
    2.25000        69.6903       0.473936           21204
    2.55000        16.4758       0.232169            5013
    2.85000        0.00000        0.00000               0
   -2.85000        0.00000        0.00000               0
   -2.55000        16.9760       0.235657            5165
   -2.25000        69.3307       0.472732           21095
   -1.95000        104.973       0.578750           31939
   -1.65000        148.156       0.683296           45078
   -1.35000        193.666       0.776054           58925
   -1.05000        234.391       0.848625           71318
  -0.750000        272.634       0.910045           82950
  -0.450000        294.269       0.942368           89536
  -0.150000        307.374       0.961201           93525
   0.150000        307.424       0.961284           93538
   0.450000        295.702       0.944468           89969
   0.750000        273.631       0.911554           83257
    1.05000        235.684       0.850815           71709
    1.35000        193.738       0.776201           58945
    1.65000        148.062       0.683073           45051
    1.95000        103.991       0.576127           31639
    2.25000        69.5835       0.473584           21171
    2.55000        16.7939       0.234385            5110
    2.85000        0.00000        0.00000               0
   -2.85000        0.00000        0.00000               0
   -2.55000        16.9231       0.166955           10298
   -2.25000        69.4552       0.339377           42266
   -1.95000        105.405       0.416388           64141
   -1.65000        148.347       0.491629           90273
   -1.35000        193.648       0.557488          117841
   -1.05000        235.205       0.607936          143130
  -0.750000        271.883       0.648989          165445
  -0.450000        294.859       0.670720          179430
  -0.150000        308.163       0.682774          187524
   0.150000        308.367       0.682751          187650
   0.450000        296.191       0.671824          180239
   0.750000        271.511       0.647635          165222
    1.05000        235.435       0.608440          143268
    1.35000        192.456       0.555761          117110
    1.65000        147.660       0.490130           89856
    1.95000        104.599       0.415062           63649
    2.25000        69.6369       0.339604           42375
    2.55000        16.6349       0.165597           10123
    2.85000        0.00000        0.00000               0
   -2.85000        0.00000        0.00000               0
   -2.55000       0.166085       0.248765E-01          46
   -2.25000        4.03856       0.115136            1229
   -1.95000        29.1569       0.308313            8871
   -1.65000        89.6298       0.535954           27271
   -1.35000        173.782       0.737279           52875
   -1.05000        258.816       0.888500           78751
  -0.750000        325.942       0.987021           99172
  -0.450000        371.108        1.04590          112914
  -0.150000        392.682        1.07226          119480
   0.150000        393.237        1.07293          119647
   0.450000        370.801        1.04552          112821
   0.750000        323.481       0.983663           98424
    1.05000        258.763       0.888427           78731
    1.35000        172.496       0.734706           52480
    1.65000        88.9594       0.534006           27066
    1.95000        29.1881       0.308484            8880
    2.25000        4.01565       0.114810            1222
    2.55000       0.144417       0.229994E-01          40
    2.85000        0.00000        0.00000               0
   -2.85000        0.00000        0.00000               0
   -2.55000       0.483031       0.398375E-01         147
   -2.25000        12.7032       0.203972            3865
   -1.95000        46.9562       0.390279           14287
   -1.65000        106.086       0.581711           32278
   -1.35000        180.024       0.749722           54774
   -1.05000        252.839       0.878978           76931
  -0.750000        313.859       0.970323           95500
  -0.450000        356.122        1.02694          108354
  -0.150000        376.172        1.05219          114453
   0.150000        377.179        1.05341          114764
   0.450000        356.677        1.02765          108524
   0.750000        311.083       0.966464           94649
    1.05000        250.890       0.875845           76335
    1.35000        179.311       0.748320           54556
    1.65000        105.561       0.580330           32117
    1.95000        47.0824       0.390798           14325
    2.25000        12.8925       0.205496            3922
    2.55000       0.456838       0.387462E-01         139
    2.85000        0.00000        0.00000               0
   0.587500        76.1931       0.651130           13524
   0.762500        98.7100       0.739765           17520
   0.937500        124.837       0.830171           22155
    1.11250        150.325       0.909038           26680
    1.28750        180.812       0.994421           32092
    1.46250        210.956        1.07139           37444
    1.63750        247.125        1.15611           43861
    1.81250        284.103        1.23571           50425
    1.98750        328.522        1.32380           58307
    2.16250        374.871        1.40847           66534
    2.33750        422.625        1.48932           75008
    2.51250        472.255        1.56752           83818
    2.68750        518.996        1.63650           92115
    2.86250        557.019        1.68968           98863
    3.03750        585.006        1.72728          103831
    3.21250        403.388        1.45746           71595
    3.38750        226.807        1.10946           40256
    3.56250        141.762       0.883387           25161
    3.73750        90.6710       0.709475           16093
    3.91250        56.1876       0.560099            9972
   0.100000        0.00000        0.00000               0
   0.300000        0.00000        0.00000               0
   0.500000        67.1343       0.571724           13617
   0.700000        94.9486       0.678126           19260
   0.900000        121.535       0.765286           24653
    1.10000        153.663       0.857901           31169
    1.30000        183.167       0.934002           37154
    1.50000        219.947        1.01989           44614
    1.70000        259.918        1.10438           52723
    1.90000        303.517        1.18836           61566
    2.10000        355.879        1.28016           72186
    2.30000        411.038        1.36825           83375
    2.50000        464.760        1.44705           94274
    2.70000        517.648        1.51896          105001
    2.90000        555.269        1.56712          112629
    3.10000        538.188        1.54555          109166
    3.30000        291.097        1.16521           59047
    3.50000        167.371       0.894169           33950
    3.70000        98.5357       0.690556           19989
    3.90000        58.0305       0.531991           11771
   0.100000        0.00000        0.00000               0
   0.300000        0.00000        0.00000               0
   0.500000        158.647       0.871315           32178
   0.700000        229.060        1.03987           46464
   0.900000        277.315        1.13883           56251
    1.10000        299.022        1.18005           60653
    1.30000        299.674        1.18127           60785
    1.50000        292.060        1.16702           59243
    1.70000        286.510        1.15653           58114
    1.90000        283.834        1.15139           57574
    2.10000        295.830        1.17409           60008
    2.30000        322.009        1.22179           65317
    2.50000        362.841        1.29174           73598
    2.70000        415.807        1.37549           84345
    2.90000        473.639        1.45951           96072
    3.10000        476.580        1.46359           96669
    3.30000        214.498        1.00768           43510
    3.50000        108.951       0.725440           22101
    3.70000        59.4573       0.538408           12061
    3.90000        33.4983       0.405117            6795
   0.100000        0.00000        0.00000               0
   0.300000        0.00000        0.00000               0
   0.500000        100.224       0.696416           20327
   0.700000        171.899       0.905794           34869
   0.900000        244.410        1.07256           49576
    1.10000        304.063        1.18936           61676
    1.30000        344.022        1.26014           69781
    1.50000        366.189        1.29724           74278
    1.70000        372.780        1.30799           75617
    1.90000        375.897        1.31306           76247
    2.10000        375.698        1.31274           76206
    2.30000        376.670        1.31431           76404
    2.50000        379.762        1.31924           77036
    2.70000        385.839        1.32898           78265
    2.90000        392.652        1.33975           79647
    3.10000        365.967        1.29689           74231
    3.30000        167.682       0.894993           34012
    3.50000        88.2514       0.654192           17901
    3.70000        49.7481       0.492922           10092
    3.90000        29.3296       0.379233            5949
   0.100000        0.00000        0.00000               0
   0.300000        0.00000        0.00000               0
   0.500000        159.725       0.874180           32397
   0.700000        229.883        1.04167           46629
   0.900000        274.679        1.13368           55718
    1.10000        299.197        1.18036           60690
    1.30000        301.076        1.18385           61071
    1.50000        294.025        1.17073           59639
    1.70000        285.744        1.15504           57961
    1.90000        283.115        1.15002           57428
    2.10000        295.930        1.17431           60024
    2.30000        321.795        1.22142           65273
    2.50000        364.840        1.29503           74004
    2.70000        416.377        1.37636           84459
    2.90000        474.165        1.46022           96181
    3.10000        475.526        1.46212           96456
    3.30000        212.240        1.00259           43052
    3.50000        108.030       0.722426           21914
    3.70000        59.9193       0.540463           12155
    3.90000        34.5873       0.411604            7016
   0.100000        0.00000        0.00000               0
   0.300000        0.00000        0.00000               0
   0.500000        100.453       0.697149           20376
   0.700000        171.479       0.904732           34783
   0.900000        244.837        1.07345           49663
    1.10000        303.906        1.18908           61644
    1.30000        345.490        1.26264           70079
    1.50000        367.560        1.29950           74555
    1.70000        373.682        1.30944           75801
    1.90000        373.806        1.30967           75823
    2.10000        371.819        1.30645           75419
    2.30000        375.266        1.31204           76119
    2.50000        378.396        1.31707           76756
    2.70000        385.448        1.32834           78187
    2.90000        392.962        1.34025           79708
    3.10000        367.184        1.29888           74479
    3.30000        169.473       0.899587           34377
    3.50000        89.2721       0.657897           18108
    3.70000        50.6027       0.497133           10264
    3.90000        29.4743       0.380141            5979
    3.02500        0.00000        0.00000               0
    3.07500        0.00000        0.00000               0
    3.12500        2956.01        7.09304          149898
    3.17500        4685.58        8.50561          237600
    3.22500        2527.93        6.63428          128190
    3.27500        1824.30        5.73889           92511
    3.32500        1400.30        5.08160           71010
    3.37500        1120.19        4.57633           56809
    3.42500        908.759        4.14317           46085
    3.47500        756.358        3.79372           38357
    3.52500        617.234        3.43854           31301
    3.57500        509.441        3.13190           25835
    3.62500        420.906        2.85283           21344
    3.67500        348.157        2.59905           17655
    3.72500        290.911        2.37883           14754
    3.77500        236.814        2.14921           12008
    3.82500        194.959        1.95185            9887
    3.87500        167.417        1.80993            8490
    3.92500        135.591        1.63004            6876
    3.97500        112.940        1.48850            5727
   -2.85000        0.00000        0.00000               0
   -2.55000       0.483180       0.398497E-01         147
   -2.25000        12.6882       0.203839            3861
   -1.95000        48.1075       0.394974           14637
   -1.65000        107.517       0.585516           32712
   -1.35000        179.858       0.749376           54726
   -1.05000        252.037       0.877699           76684
  -0.750000        314.534       0.971285           95702
  -0.450000        353.709        1.02383          107621
  -0.150000        375.450        1.05128          114236
   0.150000        376.043        1.05203          114415
   0.450000        354.677        1.02508          107916
   0.750000        313.161       0.969366           95284
    1.05000        252.229       0.878007           76742
    1.35000        177.827       0.745368           54106
    1.65000        106.729       0.583441           32471
    1.95000        48.2693       0.395630           14686
    2.25000        12.5703       0.202895            3825
    2.55000       0.489163       0.400718E-01         149
    2.85000        0.00000        0.00000               0
    5.00000        0.00000        0.00000               0
    15.0000        0.00000        0.00000               0
    25.0000        0.00000        0.00000               0
    35.0000        5.17405       0.220391E-01       52474
    45.0000        12.3524       0.328418E-01      125278
    55.0000        14.5492       0.352308E-01      147559
    65.0000        13.5802       0.342133E-01      137730
    75.0000        11.3975       0.317035E-01      115597
    85.0000        9.12479       0.286993E-01       92545
    95.0000        7.07509       0.255316E-01       71758
    105.000        5.45363       0.225956E-01       55311
    115.000        4.14499       0.198248E-01       42037
    125.000        3.21830       0.175453E-01       32643
    135.000        2.50009       0.155175E-01       25357
    145.000        1.94421       0.137204E-01       19718
    155.000        1.53107       0.121994E-01       15528
    165.000        1.21365       0.108775E-01       12309
    175.000       0.972484       0.974799E-02        9863
    185.000       0.784307       0.876221E-02        7954
    195.000       0.629663       0.785646E-02        6386
    5.00000        0.00000        0.00000               0
    15.0000        0.00000        0.00000               0
    25.0000        0.00000        0.00000               0
    35.0000        38.3465       0.493730E-01      388911
    45.0000        23.6783       0.426909E-01      240147
    55.0000        13.7017       0.343436E-01      138966
    65.0000        7.97401       0.269844E-01       80873
    75.0000        4.83729       0.213442E-01       49061
    85.0000        3.03175       0.170452E-01       30748
    95.0000        2.01348       0.139580E-01       20421
    105.000        1.38805       0.116237E-01       14077
    115.000       0.963306       0.970231E-02        9770
    125.000       0.675620       0.813644E-02        6852
    135.000       0.490744       0.694039E-02        4977
    145.000       0.355899       0.591454E-02        3609
    155.000       0.259503       0.505221E-02        2632
    165.000       0.198318       0.441833E-02        2011
    175.000       0.152980       0.388047E-02        1552
    185.000       0.112039       0.332244E-02        1136
    195.000       0.854885E-01   0.290221E-02         867
   -2.85000        0.00000        0.00000               0
   -2.55000        15.5177       0.225359            4721
   -2.25000        64.6415       0.456761           19669
   -1.95000        101.522       0.569438           30889
   -1.65000        146.669       0.679997           44627
   -1.35000        193.873       0.776445           58988
   -1.05000        236.452       0.852087           71945
  -0.750000        276.587       0.916074           84153
  -0.450000        297.481       0.947039           90513
  -0.150000        311.369       0.966840           94739
   0.150000        312.734       0.968777           95152
   0.450000        299.439       0.949875           91108
   0.750000        274.477       0.912853           83513
    1.05000        237.152       0.853255           72158
    1.35000        192.184       0.773262           58472
    1.65000        145.225       0.676783           44187
    1.95000        100.742       0.567319           30651
    2.25000        65.1280       0.458466           19815
    2.55000        15.1843       0.222924            4620
    2.85000        0.00000        0.00000               0
   -2.85000        0.00000        0.00000               0
   -2.55000        18.3285       0.244807            5577
   -2.25000        74.2689       0.488941           22597
   -1.95000        109.288       0.590162           33252
   -1.65000        150.024       0.687408           45646
   -1.35000        193.423       0.775585           58853
   -1.05000        233.958       0.847899           71185
  -0.750000        267.178       0.901625           81292
  -0.450000        292.237       0.939393           88917
  -0.150000        304.956       0.957790           92785
   0.150000        304.001       0.956408           92498
   0.450000        292.943       0.940439           89131
   0.750000        268.545       0.903736           81709
    1.05000        233.718       0.847509           71110
    1.35000        192.727       0.774284           58638
    1.65000        150.095       0.687552           45669
    1.95000        108.456       0.587984           32998
    2.25000        74.1459       0.488537           22560
    2.55000        18.0855       0.243187            5503
    2.85000        0.00000        0.00000               0
