   0.500000        1040.40       0.308450          999916
    330.000       0.574277       0.310770E-02       33116
    390.000        3.38074       0.694264E-02      194952
    450.000        3.31448       0.688881E-02      191131
    510.000        2.63856       0.627735E-02      152154
    570.000        1.96544       0.552803E-02      113338
    630.000        1.43335       0.479390E-02       82655
    690.000        1.03856       0.412620E-02       59889
    750.000       0.761613       0.356064E-02       43919
    810.000       0.561429       0.307379E-02       32375
    870.000       0.409311       0.263537E-02       23603
    930.000       0.305310       0.228240E-02       17606
    990.000       0.227885       0.197597E-02       13141
    1050.00       0.168038       0.169947E-02        9690
    1110.00       0.127304       0.148082E-02        7341
    1170.00       0.976491E-01   0.129793E-02        5631
    1230.00       0.730760E-01   0.112354E-02        4214
    1290.00       0.575912E-01   0.997838E-03        3321
    1350.00       0.427121E-01   0.859660E-03        2463
    1410.00       0.339544E-01   0.766650E-03        1958
    1470.00       0.273466E-01   0.688133E-03        1577
    10.0000       0.877588       0.670463E-02       33738
    30.0000        2.55308       0.112639E-01       98150
    50.0000        4.04467       0.139819E-01      155492
    70.0000        4.95993       0.153490E-01      190678
    90.0000        5.17318       0.156433E-01      198876
    110.000        4.90849       0.152767E-01      188700
    130.000        4.58984       0.148176E-01      176450
    150.000        4.17297       0.141848E-01      160424
    170.000        3.68274       0.133873E-01      141578
    190.000        3.15277       0.124480E-01      121204
    210.000        2.66638       0.114990E-01      102506
    230.000        2.20706       0.105059E-01       84848
    250.000        1.80535       0.953664E-02       69404
    270.000        1.45444       0.858692E-02       55914
    290.000        1.16420       0.770258E-02       44756
    310.000       0.944241       0.695052E-02       36300
    330.000       0.748883       0.620060E-02       28790
    350.000       0.596138       0.553969E-02       22918
    370.000       0.469202       0.492019E-02       18038
    390.000       0.375826       0.440716E-02       14448
    10.0000        2.69725       0.115622E-01       51846
    30.0000        5.32308       0.158455E-01      102319
    50.0000        6.44452       0.172447E-01      123876
    70.0000        7.32073       0.182199E-01      140717
    90.0000        8.86140       0.197326E-01      170333
    110.000        9.87509       0.206103E-01      189817
    130.000        7.11137       0.179952E-01      136694
    150.000        2.19702       0.104830E-01       42231
    170.000       0.919992       0.686216E-02       17684
    190.000       0.482831       0.499053E-02        9281
    210.000       0.269962       0.373874E-02        5189
    230.000       0.168975       0.296051E-02        3248
    250.000       0.110185       0.239187E-02        2118
    270.000       0.699191E-01   0.190601E-02        1344
    290.000       0.460968E-01   0.154801E-02         886
    310.000       0.325637E-01   0.130112E-02         626
    330.000       0.230989E-01   0.109600E-02         444
    350.000       0.165958E-01   0.929046E-03         319
    370.000       0.110815E-01   0.759210E-03         213
    390.000       0.847964E-02   0.664123E-03         163
    10.0000        0.00000        0.00000               0
    30.0000       0.717882       0.607261E-02       13799
    50.0000        1.79072       0.949913E-02       34421
    70.0000        2.51913       0.111922E-01       48422
    90.0000        3.58193       0.132151E-01       68851
    110.000        4.67019       0.149353E-01       89770
    130.000        5.11632       0.155657E-01       98345
    150.000        5.03103       0.154480E-01       96706
    170.000        4.63710       0.148870E-01       89134
    190.000        4.07499       0.140303E-01       78329
    210.000        3.47606       0.130313E-01       66816
    230.000        2.89817       0.119629E-01       55708
    250.000        2.39451       0.109243E-01       46027
    270.000        1.94545       0.988719E-02       37395
    290.000        1.62217       0.905489E-02       31181
    310.000        1.30861       0.815574E-02       25154
    330.000        1.06254       0.736528E-02       20424
    350.000       0.883368       0.672639E-02       16980
    370.000       0.711387       0.604546E-02       13674
    390.000       0.591927       0.552036E-02       11378
    5.00000        0.00000        0.00000               0
    15.0000       0.145657E-01   0.123094E-02         140
    25.0000       0.459892       0.690340E-02        4420
    35.0000        1.27228       0.114411E-01       12228
    45.0000        2.08390       0.145899E-01       20028
    55.0000        2.91148       0.171813E-01       27982
    65.0000        3.82366       0.196087E-01       36749
    75.0000        4.89287       0.220736E-01       47025
    85.0000        6.23335       0.247613E-01       59908
    95.0000        7.68470       0.273076E-01       73857
    105.000        8.97121       0.293259E-01       86222
    115.000        9.60845       0.302576E-01       92346
    125.000        9.36007       0.298993E-01       89959
    135.000        8.00687       0.278318E-01       76953
    145.000        5.33713       0.230072E-01       51295
    155.000        3.14249       0.178314E-01       30202
    165.000        2.79544       0.168441E-01       26867
    175.000        2.55408       0.161181E-01       24547
    185.000        2.36450       0.155216E-01       22725
    195.000        2.15795       0.148418E-01       20740
    5.00000        0.00000        0.00000               0
    15.0000       0.104154       0.329048E-02        1001
    25.0000       0.989809       0.101041E-01        9513
    35.0000        1.88339       0.138825E-01       18101
    45.0000        2.80920       0.168846E-01       26999
    55.0000        3.84252       0.196553E-01       36930
    65.0000        5.15019       0.226199E-01       49498
    75.0000        6.98259       0.261157E-01       67109
    85.0000        9.07135       0.294753E-01       87184
    95.0000        10.5075       0.315049E-01      100987
    105.000        11.1541       0.323580E-01      107201
    115.000        10.9916       0.321470E-01      105639
    125.000        9.85031       0.306003E-01       94671
    135.000        7.71169       0.273519E-01       74116
    145.000        4.75363       0.217711E-01       45687
    155.000        2.59497       0.162437E-01       24940
    165.000        2.12849       0.147420E-01       20457
    175.000        1.84231       0.137329E-01       17706
    185.000        1.59878       0.128068E-01       15366
    195.000        1.36158       0.118312E-01       13086
    5.00000        0.00000        0.00000               0
    15.0000       0.381963       0.629356E-02        3671
    25.0000        1.69275       0.131723E-01       16269
    35.0000        2.44108       0.157656E-01       23461
    45.0000        3.16600       0.178961E-01       30428
    55.0000        4.04259       0.201423E-01       38853
    65.0000        5.16213       0.226449E-01       49613
    75.0000        6.27306       0.248353E-01       60290
    85.0000        7.00124       0.261486E-01       67288
    95.0000        7.29585       0.266562E-01       70120
    105.000        7.18237       0.264623E-01       69029
    115.000        6.82452       0.258377E-01       65590
    125.000        6.22366       0.247431E-01       59815
    135.000        5.60193       0.235422E-01       53840
    145.000        4.99517       0.222928E-01       48008
    155.000        4.38419       0.209434E-01       42136
    165.000        3.80613       0.195654E-01       36580
    175.000        3.34816       0.183885E-01       32179
    185.000        2.92595       0.172229E-01       28121
    195.000        2.55498       0.161208E-01       24556
    5.00000        0.00000        0.00000               0
    15.0000       0.118720       0.351279E-02        1141
    25.0000        1.44814       0.121967E-01       13918
    35.0000        3.13747       0.178174E-01       30154
    45.0000        4.80434       0.218821E-01       46174
    55.0000        6.48097       0.252191E-01       62288
    65.0000        8.29108       0.282833E-01       79685
    75.0000        10.3273       0.312604E-01       99255
    85.0000        12.2045       0.336746E-01      117296
    95.0000        13.0428       0.346684E-01      125354
    105.000        12.8819       0.344811E-01      123807
    115.000        11.6515       0.329919E-01      111982
    125.000        9.53733       0.301555E-01       91663
    135.000        6.43874       0.251419E-01       61882
    145.000        2.75049       0.167115E-01       26435
    155.000       0.336087       0.590481E-02        3230
    165.000       0.122050       0.356164E-02        1173
    175.000       0.838696E-01   0.295308E-02         806
    185.000       0.621154E-01   0.254149E-02         597
    195.000       0.500499E-01   0.228157E-02         481
    10.0000        0.00000        0.00000               0
    30.0000        0.00000        0.00000               0
    50.0000        4.67581       0.149435E-01       89878
    70.0000        11.4737       0.218362E-01      220546
    90.0000        10.8397       0.213713E-01      208358
    110.000        7.95025       0.188665E-01      152819
    130.000        5.49315       0.160701E-01      105589
    150.000        3.75176       0.135034E-01       72115
    170.000        2.52609       0.112070E-01       48556
    190.000        1.69713       0.925544E-02       32622
    210.000        1.12548       0.757593E-02       21634
    230.000       0.762885       0.625759E-02       14664
    250.000       0.511705       0.513629E-02        9836
    270.000       0.350009       0.425400E-02        6728
    290.000       0.246289       0.357180E-02        4734
    310.000       0.168561       0.295691E-02        3240
    330.000       0.124076       0.253786E-02        2385
    350.000       0.882316E-01   0.214079E-02        1696
    370.000       0.616988E-01   0.179059E-02        1186
    390.000       0.432819E-01   0.149995E-02         832
    10.0000        0.00000        0.00000               0
    30.0000        0.00000        0.00000               0
    50.0000        24.9403       0.270202E-01      479400
    70.0000        12.9976       0.228490E-01      249837
    90.0000        6.44733       0.172481E-01      123929
    110.000        3.37433       0.128514E-01       64861
    130.000        1.79603       0.951278E-02       34523
    150.000        1.00147       0.715438E-02       19250
    170.000       0.574666       0.544012E-02       11046
    190.000       0.328379       0.412131E-02        6312
    210.000       0.206324       0.327028E-02        3966
    230.000       0.124807       0.254533E-02        2399
    250.000       0.763147E-01   0.199112E-02        1467
    270.000       0.520240E-01   0.164438E-02        1000
    290.000       0.333453E-01   0.131667E-02         641
    310.000       0.214860E-01   0.105705E-02         413
    330.000       0.135792E-01   0.840425E-03         261
    350.000       0.116535E-01   0.778543E-03         224
    370.000       0.556677E-02   0.538130E-03         107
    390.000       0.499454E-02   0.509727E-03          96
    10.0000        0.00000        0.00000               0
    30.0000        0.00000        0.00000               0
    50.0000        14.8081       0.175153E-01      569278
    70.0000        12.2357       0.163719E-01      470383
    90.0000        8.64351       0.140048E-01      332287
    110.000        5.66229       0.117421E-01      217680
    130.000        3.64459       0.963150E-02      140112
    150.000        2.37661       0.787256E-02       91365
    170.000        1.55038       0.641424E-02       59602
    190.000        1.01276       0.520272E-02       38934
    210.000       0.665904       0.423406E-02       25600
    230.000       0.443846       0.345612E-02       17063
    250.000       0.294010       0.281217E-02       11303
    270.000       0.201017       0.232647E-02        7728
    290.000       0.139817       0.194425E-02        5375
    310.000       0.950235E-01   0.159860E-02        3653
    330.000       0.688275E-01   0.135701E-02        2646
    350.000       0.499426E-01   0.115646E-02        1920
    370.000       0.336328E-01   0.945576E-03        1293
    390.000       0.241382E-01   0.803897E-03         928
    5.00000        0.00000        0.00000               0
    15.0000        0.00000        0.00000               0
    25.0000        0.00000        0.00000               0
    35.0000        23.6501       0.441647E-01      227299
    45.0000        19.3577       0.408939E-01      186046
    55.0000        14.9562       0.367710E-01      143743
    65.0000        11.2744       0.325134E-01      108358
    75.0000        8.40233       0.284577E-01       80754
    85.0000        6.31625       0.249158E-01       60705
    95.0000        4.68105       0.216116E-01       44989
    105.000        3.48637       0.187526E-01       33507
    115.000        2.61389       0.163014E-01       25122
    125.000        1.97015       0.141931E-01       18935
    135.000        1.50831       0.124444E-01       14496
    145.000        1.18998       0.110688E-01       11437
    155.000       0.910086       0.969186E-02        8747
    165.000       0.713236       0.858741E-02        6855
    175.000       0.567790       0.766698E-02        5457
    185.000       0.452421       0.684746E-02        4348
    195.000       0.362607       0.613255E-02        3485
    5.00000        0.00000        0.00000               0
    15.0000        0.00000        0.00000               0
    25.0000        0.00000        0.00000               0
    35.0000        23.6591       0.441710E-01      227386
    45.0000        19.3568       0.408931E-01      186037
    55.0000        15.0000       0.368167E-01      144164
    65.0000        11.3183       0.325696E-01      108779
    75.0000        8.40575       0.284631E-01       80787
    85.0000        6.29429       0.248750E-01       60494
    95.0000        4.64172       0.215245E-01       44611
    105.000        3.46323       0.186921E-01       33285
    115.000        2.60432       0.162721E-01       25030
    125.000        1.98096       0.142314E-01       19039
    135.000        1.51973       0.124907E-01       14606
    145.000        1.16516       0.109542E-01       11198
    155.000       0.906866       0.967490E-02        8716
    165.000       0.723549       0.864902E-02        6954
    175.000       0.566327       0.765708E-02        5443
    185.000       0.455110       0.686759E-02        4374
    195.000       0.369058       0.618670E-02        3547
    5.00000        0.00000        0.00000               0
    15.0000        0.00000        0.00000               0
    25.0000        0.00000        0.00000               0
    35.0000        23.6546       0.319757E-01      454685
    45.0000        19.3573       0.295383E-01      372083
    55.0000        14.9781       0.262918E-01      287907
    65.0000        11.2964       0.231353E-01      217137
    75.0000        8.40404       0.201961E-01      161541
    85.0000        6.30527       0.176730E-01      121199
    95.0000        4.66139       0.153307E-01       89600
    105.000        3.47480       0.133421E-01       66792
    115.000        2.60911       0.116125E-01       50152
    125.000        1.97556       0.101357E-01       37974
    135.000        1.51402       0.890168E-02       29102
    145.000        1.17757       0.786018E-02       22635
    155.000       0.908476       0.690449E-02       17463
    165.000       0.718393       0.614734E-02       13809
    175.000       0.567058       0.546361E-02       10900
    185.000       0.453765       0.488275E-02        8722
    195.000       0.365832       0.439374E-02        7032
    5.00000        1.72430       0.132927E-01       16572
    15.0000        4.64511       0.215319E-01       44644
    25.0000        6.83064       0.258485E-01       65649
    35.0000        8.62207       0.287974E-01       82866
    45.0000        10.1498       0.310175E-01       97549
    55.0000        11.4653       0.327569E-01      110192
    65.0000        12.7222       0.342937E-01      122272
    75.0000        12.4402       0.339588E-01      119562
    85.0000        10.4479       0.314246E-01      100414
    95.0000        7.92477       0.276994E-01       76164
    105.000        5.63370       0.236054E-01       54145
    115.000        3.90420       0.198068E-01       37523
    125.000        2.49717       0.159416E-01       24000
    135.000        1.58029       0.127337E-01       15188
    145.000        1.00562       0.101837E-01        9665
    155.000       0.641025       0.814371E-02        6161
    165.000       0.439295       0.674771E-02        4222
    175.000       0.313493       0.570332E-02        3013
    185.000       0.225994       0.484434E-02        2172
    195.000       0.162938       0.411446E-02        1566
    5.00000       0.623761       0.803394E-02        5995
    15.0000        1.99795       0.142912E-01       19202
    25.0000        3.46606       0.186996E-01       33312
    35.0000        4.95093       0.221985E-01       47583
    45.0000        6.14581       0.245967E-01       59067
    55.0000        6.93772       0.260374E-01       66678
    65.0000        7.30217       0.266670E-01       70181
    75.0000        7.48685       0.269788E-01       71955
    85.0000        7.55309       0.270894E-01       72592
    95.0000        7.28639       0.266401E-01       70029
    105.000        6.86333       0.259064E-01       65963
    115.000        6.18690       0.246741E-01       59462
    125.000        5.39544       0.231263E-01       51855
    135.000        4.51384       0.212383E-01       43382
    145.000        3.69783       0.192943E-01       35540
    155.000        3.12710       0.177890E-01       30054
    165.000        2.71491       0.166058E-01       26093
    175.000        2.33639       0.154309E-01       22455
    185.000        2.06738       0.145330E-01       19869
    195.000        1.77893       0.134984E-01       17097
    5.00000        1.45751       0.122356E-01       14008
    15.0000        4.09571       0.202692E-01       39364
    25.0000        5.75102       0.238370E-01       55273
    35.0000        6.72629       0.256627E-01       64646
    45.0000        7.27523       0.266211E-01       69921
    55.0000        7.69615       0.273263E-01       73967
    65.0000        8.14334       0.280500E-01       78265
    75.0000        9.05683       0.294537E-01       87044
    85.0000        8.94170       0.292819E-01       85938
    95.0000        8.14428       0.280514E-01       78274
    105.000        6.99663       0.261404E-01       67244
    115.000        5.67499       0.236872E-01       54542
    125.000        4.50631       0.212213E-01       43310
    135.000        3.51547       0.188281E-01       33787
    145.000        2.68965       0.165303E-01       25850
    155.000        2.18085       0.149188E-01       20960
    165.000        1.75414       0.134054E-01       16859
    175.000        1.44162       0.121698E-01       13855
    185.000        1.22734       0.112395E-01       11796
    195.000        1.01469       0.102293E-01        9752
    5.00000        0.00000        0.00000               0
    15.0000        0.00000        0.00000               0
    25.0000        0.00000        0.00000               0
    35.0000        0.00000        0.00000               0
    45.0000        16.3756       0.381996E-01      157385
    55.0000        16.4337       0.382561E-01      157943
    65.0000        15.5497       0.373811E-01      149446
    75.0000        13.6931       0.354074E-01      131603
    85.0000        11.2276       0.324532E-01      107908
    95.0000        8.61584       0.287879E-01       82806
    105.000        6.43040       0.251265E-01       61802
    115.000        4.59082       0.214111E-01       44122
    125.000        3.20499       0.180027E-01       30803
    135.000        2.18201       0.149228E-01       20971
    145.000        1.48599       0.123530E-01       14282
    155.000        1.04131       0.103613E-01       10008
    165.000       0.726785       0.866818E-02        6985
    175.000       0.553327       0.756919E-02        5318
    185.000       0.395068       0.640021E-02        3797
    195.000       0.317242       0.573725E-02        3049
   -2.85000       0.438794       0.275834E-01         253
   -2.55000        6.21156       0.103905            3582
   -2.25000        33.0804       0.240813           19076
   -1.95000        88.3300       0.394983           50936
   -1.65000        154.715       0.520843           89217
   -1.35000        213.649       0.605876          123202
   -1.05000        262.983       0.663476          151651
  -0.750000        301.716       0.703273          173987
  -0.450000        329.821       0.728648          190193
  -0.150000        343.197       0.740210          197906
   0.150000        343.423       0.740236          198036
   0.450000        328.197       0.727446          189257
   0.750000        301.380       0.702510          173792
    1.05000        263.233       0.663868          151795
    1.35000        215.091       0.607308          124033
    1.65000        154.288       0.520112           88971
    1.95000        88.3420       0.395120           50943
    2.25000        33.1789       0.241703           19133
    2.55000        6.26729       0.104454            3614
    2.85000       0.416188       0.268618E-01         240
   -2.85000        0.00000        0.00000               0
   -2.55000        18.2398       0.178009           10518
   -2.25000        75.0656       0.361978           43287
   -1.95000        113.064       0.443413           65199
   -1.65000        157.260       0.519827           90685
   -1.35000        202.790       0.586041          116940
   -1.05000        248.453       0.642623          143272
  -0.750000        284.017       0.680622          163780
  -0.450000        311.332       0.707844          179531
  -0.150000        323.853       0.719959          186752
   0.150000        323.309       0.718951          186437
   0.450000        310.839       0.707264          179247
   0.750000        284.805       0.682260          164234
    1.05000        248.142       0.642222          143093
    1.35000        203.885       0.586865          117571
    1.65000        156.674       0.519028           90347
    1.95000        113.000       0.442779           65162
    2.25000        75.2131       0.362734           43372
    2.55000        18.0436       0.177255           10405
    2.85000        0.00000        0.00000               0
   -2.85000        0.00000        0.00000               0
   -2.55000        17.5220       0.245950            5052
   -2.25000        74.4600       0.503177           21469
   -1.95000        111.769       0.613388           32226
   -1.65000        155.872       0.720028           44942
   -1.35000        203.824       0.817922           58769
   -1.05000        248.372       0.897297           71612
  -0.750000        286.035       0.957812           82472
  -0.450000        310.932       0.995089           89650
  -0.150000        324.009        1.01389           93420
   0.150000        324.883        1.01513           93673
   0.450000        312.743       0.997723           90172
   0.750000        284.610       0.955613           82061
    1.05000        249.485       0.899160           71934
    1.35000        203.827       0.817937           58769
    1.65000        155.978       0.720261           44973
    1.95000        111.775       0.613404           32228
    2.25000        74.5641       0.503520           21499
    2.55000        17.3241       0.244562            4995
    2.85000        0.00000        0.00000               0
   -2.85000        0.00000        0.00000               0
   -2.55000        17.3934       0.245048            5015
   -2.25000        73.8881       0.501277           21304
   -1.95000        111.655       0.613086           32193
   -1.65000        156.831       0.722141           45219
   -1.35000        204.492       0.819194           58961
   -1.05000        247.897       0.896488           71476
  -0.750000        285.988       0.957741           82458
  -0.450000        310.664       0.994697           89573
  -0.150000        325.670        1.01625           93900
   0.150000        325.145        1.01550           93748
   0.450000        311.757       0.996289           89888
   0.750000        283.607       0.954067           81772
    1.05000        248.690       0.897827           71704
    1.35000        203.717       0.817732           58737
    1.65000        156.864       0.722216           45228
    1.95000        111.259       0.612028           32079
    2.25000        74.7070       0.503996           21540
    2.55000        17.7615       0.247617            5121
    2.85000        0.00000        0.00000               0
   -2.85000        0.00000        0.00000               0
   -2.55000        17.4577       0.174284           10067
   -2.25000        74.1740       0.360463           42773
   -1.95000        111.712       0.440672           64419
   -1.65000        156.351       0.518632           90161
   -1.35000        204.158       0.587822          117730
   -1.05000        248.134       0.642156          143088
  -0.750000        286.011       0.683669          164930
  -0.450000        310.798       0.706898          179223
  -0.150000        324.839       0.719603          187320
   0.150000        325.014       0.720886          187421
   0.450000        312.250       0.708889          180060
   0.750000        284.109       0.680974          163833
    1.05000        249.087       0.642975          143638
    1.35000        203.772       0.587235          117506
    1.65000        156.421       0.518518           90201
    1.95000        111.517       0.440578           64307
    2.25000        74.6355       0.361529           43039
    2.55000        17.5428       0.174682           10116
    2.85000        0.00000        0.00000               0
   -2.85000        0.00000        0.00000               0
   -2.55000       0.142184       0.228163E-01          39
   -2.25000        4.58142       0.125975            1321
   -1.95000        31.9667       0.331563            9217
   -1.65000        96.9425       0.572406           27951
   -1.35000        183.960       0.779196           53041
   -1.05000        270.952       0.934214           78123
  -0.750000        341.680        1.03853           98516
  -0.450000        389.572        1.10122          112325
  -0.150000        412.909        1.12984          119053
   0.150000        413.714        1.13081          119285
   0.450000        390.724        1.10267          112656
   0.750000        340.905        1.03747           98292
    1.05000        272.831       0.937201           78665
    1.35000        183.301       0.777869           52851
    1.65000        97.4233       0.573782           28090
    1.95000        31.5685       0.329513            9102
    2.25000        4.61277       0.126406            1330
    2.55000       0.215021       0.280323E-01          59
    2.85000        0.00000        0.00000               0
   -2.85000        0.00000        0.00000               0
   -2.55000       0.461271       0.399946E-01         133
   -2.25000        13.6930       0.217533            3948
   -1.95000        51.3168       0.419019           14796
   -1.65000        112.372       0.614992           32400
   -1.35000        189.791       0.790812           54722
   -1.05000        265.732       0.925850           76618
  -0.750000        328.404        1.02010           94688
  -0.450000        374.076        1.08154          107857
  -0.150000        398.410        1.11220          114873
   0.150000        396.490        1.10983          114319
   0.450000        373.626        1.08097          107726
   0.750000        329.217        1.02125           94922
    1.05000        266.876       0.927694           76948
    1.35000        190.055       0.791334           54798
    1.65000        113.348       0.617576           32681
    1.95000        50.5424       0.415885           14573
    2.25000        13.0368       0.212269            3759
    2.55000       0.537543       0.431733E-01         155
    2.85000        0.00000        0.00000               0
   0.587500        71.9837       0.650580           12107
   0.762500        95.4386       0.747746           16052
   0.937500        122.563       0.845577           20614
    1.11250        146.749       0.923498           24682
    1.28750        178.095        1.01485           29954
    1.46250        211.333        1.10261           35544
    1.63750        250.948        1.19774           42207
    1.81250        290.593        1.28480           48875
    1.98750        340.742        1.38563           57310
    2.16250        392.456        1.48083           66008
    2.33750        446.275        1.57216           75060
    2.51250        504.683        1.66381           84883
    2.68750        558.596        1.74256           93951
    2.86250        605.662        1.80731          101867
    3.03750        642.689        1.85589          108094
    3.21250        442.239        1.56555           74381
    3.38750        244.995        1.18401           41206
    3.56250        153.422       0.943777           25804
    3.73750        96.2349       0.750811           16186
    3.91250        60.5798       0.597354           10189
   0.100000        0.00000        0.00000               0
   0.300000        0.00000        0.00000               0
   0.500000        69.7223       0.598565           13402
   0.700000        97.8991       0.707505           18818
   0.900000        127.308       0.804679           24471
    1.10000        158.549       0.895488           30476
    1.30000        193.743       0.986753           37241
    1.50000        228.381        1.06796           43899
    1.70000        272.223        1.16129           52326
    1.90000        321.542        1.25637           61806
    2.10000        373.643        1.34777           71821
    2.30000        431.922        1.44113           83023
    2.50000        494.953        1.53345           95139
    2.70000        546.569        1.60341          105061
    2.90000        588.152        1.65657          113054
    3.10000        571.103        1.63510          109777
    3.30000        310.048        1.23502           59597
    3.50000        178.970       0.949655           34401
    3.70000        103.763       0.728004           19945
    3.90000        60.8366       0.559567           11694
   0.100000        0.00000        0.00000               0
   0.300000        0.00000        0.00000               0
   0.500000        185.283       0.965704           35615
   0.700000        261.935        1.14021           50349
   0.900000        309.388        1.23378           59470
    1.10000        323.959        1.26080           62271
    1.30000        317.499        1.24892           61029
    1.50000        304.713        1.22496           58571
    1.70000        294.955        1.20627           56696
    1.90000        289.521        1.19571           55651
    2.10000        303.288        1.22225           58298
    2.30000        330.930        1.27346           63611
    2.50000        374.888        1.34985           72060
    2.70000        433.899        1.44413           83404
    2.90000        497.228        1.53663           95576
    3.10000        496.544        1.53567           95445
    3.30000        222.196        1.05400           42710
    3.50000        113.840       0.761849           21882
    3.70000        63.0945       0.569741           12128
    3.90000        36.2818       0.433072            6974
   0.100000        0.00000        0.00000               0
   0.300000        0.00000        0.00000               0
   0.500000        114.423       0.763760           21994
   0.700000        192.193       0.982931           36943
   0.900000        269.309        1.15537           51766
    1.10000        332.843        1.27691           63979
    1.30000        371.953        1.34492           71496
    1.50000        386.873        1.36971           74364
    1.70000        391.155        1.37672           75187
    1.90000        388.782        1.37284           74731
    2.10000        387.241        1.37032           74435
    2.30000        388.942        1.37311           74762
    2.50000        393.838        1.38109           75703
    2.70000        402.472        1.39500           77363
    2.90000        408.272        1.40426           78477
    3.10000        380.757        1.35962           73189
    3.30000        177.178       0.945039           34057
    3.50000        92.9998       0.689881           17876
    3.70000        52.4876       0.520142           10089
    3.90000        30.3619       0.396377            5836
   0.100000        0.00000        0.00000               0
   0.300000        0.00000        0.00000               0
   0.500000        184.426       0.963546           35450
   0.700000        262.960        1.14234           50546
   0.900000        306.468        1.22828           58909
    1.10000        322.144        1.25748           61922
    1.30000        317.848        1.24956           61096
    1.50000        306.140        1.22765           58846
    1.70000        293.865        1.20416           56486
    1.90000        290.534        1.19769           55846
    2.10000        305.778        1.22698           58776
    2.30000        330.986        1.27356           63622
    2.50000        377.429        1.35409           72549
    2.70000        432.732        1.44236           83179
    2.90000        494.286        1.53250           95011
    3.10000        497.741        1.53735           95675
    3.30000        222.778        1.05532           42822
    3.50000        114.760       0.764854           22059
    3.70000        63.3501       0.570887           12177
    3.90000        35.9852       0.431307            6917
   0.100000        0.00000        0.00000               0
   0.300000        0.00000        0.00000               0
   0.500000        114.734       0.764771           22054
   0.700000        188.692       0.974250           36270
   0.900000        271.362        1.15955           52161
    1.10000        332.525        1.27634           63917
    1.30000        373.707        1.34788           71833
    1.50000        387.263        1.37036           74439
    1.70000        390.567        1.37576           75074
    1.90000        387.966        1.37151           74574
    2.10000        388.031        1.37161           74587
    2.30000        391.971        1.37805           75344
    2.50000        392.330        1.37863           75413
    2.70000        399.825        1.39075           76854
    2.90000        405.677        1.40013           77979
    3.10000        384.692        1.36612           73945
    3.30000        176.919       0.944379           34007
    3.50000        91.7656       0.685359           17639
    3.70000        52.6331       0.520855           10117
    3.90000        31.2243       0.401928            6002
    3.02500        0.00000        0.00000               0
    3.07500        0.00000        0.00000               0
    3.12500        3117.00        7.48334          149786
    3.17500        4910.90        8.95512          235991
    3.22500        2666.72        7.00038          128149
    3.27500        1930.65        6.06429           92777
    3.32500        1485.72        5.37617           71396
    3.37500        1194.66        4.85366           57409
    3.42500        962.558        4.38008           46255
    3.47500        788.124        3.97916           37873
    3.52500        650.695        3.62689           31269
    3.57500        537.348        3.30432           25822
    3.62500        443.330        3.00768           21304
    3.67500        365.880        2.73710           17582
    3.72500        305.671        2.50510           14689
    3.77500        256.439        2.29704           12323
    3.82500        207.640        2.06920            9978
    3.87500        176.157        1.90721            8465
    3.92500        144.503        1.72858            6944
    3.97500        120.717        1.58075            5801
   -2.85000        0.00000        0.00000               0
   -2.55000       0.436984       0.389272E-01         126
   -2.25000        13.3806       0.215044            3858
   -1.95000        51.3363       0.419092           14802
   -1.65000        113.620       0.618292           32760
   -1.35000        190.298       0.791814           54868
   -1.05000        266.991       0.927881           76981
  -0.750000        330.038        1.02240           95159
  -0.450000        372.291        1.07924          107342
  -0.150000        394.451        1.10730          113731
   0.150000        395.564        1.10868          114052
   0.450000        373.434        1.08072          107671
   0.750000        331.346        1.02422           95536
    1.05000        265.016       0.924692           76412
    1.35000        190.859       0.792917           55030
    1.65000        113.684       0.618461           32778
    1.95000        51.0984       0.418139           14733
    2.25000        13.7269       0.217793            3958
    2.55000       0.412836       0.378423E-01         119
    2.85000        0.00000        0.00000               0
    5.00000        0.00000        0.00000               0
    15.0000        0.00000        0.00000               0
    25.0000        0.00000        0.00000               0
    35.0000        5.80985       0.239522E-01       55838
    45.0000        13.7510       0.354722E-01      132160
    55.0000        15.7962       0.376290E-01      151816
    65.0000        14.4186       0.362017E-01      138576
    75.0000        11.8768       0.332727E-01      114147
    85.0000        9.46692       0.300542E-01       90986
    95.0000        7.25543       0.265874E-01       69731
    105.000        5.53268       0.234038E-01       53174
    115.000        4.24361       0.206182E-01       40785
    125.000        3.26209       0.181577E-01       31352
    135.000        2.52904       0.160408E-01       24306
    145.000        1.98264       0.142373E-01       19055
    155.000        1.54706       0.126008E-01       14869
    165.000        1.23775       0.112866E-01       11896
    175.000       0.982512       0.100670E-01        9443
    185.000       0.794319       0.905939E-02        7634
    195.000       0.639689       0.813542E-02        6148
    5.00000        0.00000        0.00000               0
    15.0000        0.00000        0.00000               0
    25.0000        0.00000        0.00000               0
    35.0000        41.4994       0.524113E-01      398847
    45.0000        24.9635       0.450437E-01      239923
    55.0000        14.1600       0.359222E-01      136091
    65.0000        8.17415       0.280988E-01       78561
    75.0000        4.93130       0.221565E-01       47394
    85.0000        3.14361       0.178345E-01       30213
    95.0000        2.06734       0.145329E-01       19869
    105.000        1.41691       0.120661E-01       13618
    115.000       0.974603       0.100268E-01        9367
    125.000       0.689023       0.844149E-02        6622
    135.000       0.499005       0.718968E-02        4796
    145.000       0.372496       0.621539E-02        3580
    155.000       0.269890       0.529274E-02        2594
    165.000       0.199035       0.454664E-02        1913
    175.000       0.151605       0.396910E-02        1457
    185.000       0.113212       0.343051E-02        1088
    195.000       0.919756E-01   0.309221E-02         884
   -2.85000        0.00000        0.00000               0
   -2.55000        15.4098       0.230714            4443
   -2.25000        68.9615       0.484592           19884
   -1.95000        107.662       0.602348           31042
   -1.65000        153.763       0.715346           44334
   -1.35000        204.499       0.819204           58963
   -1.05000        250.199       0.900355           72139
  -0.750000        290.007       0.963895           83617
  -0.450000        314.320        1.00001           90627
  -0.150000        328.242        1.01987           94641
   0.150000        328.126        1.01971           94608
   0.450000        315.874        1.00225           91075
   0.750000        287.728       0.960408           82960
    1.05000        252.351       0.903943           72760
    1.35000        203.741       0.817776           58744
    1.65000        154.110       0.716119           44434
    1.95000        107.857       0.602879           31098
    2.25000        69.2647       0.485643           19971
    2.55000        15.8711       0.234127            4576
    2.85000        0.00000        0.00000               0
   -2.85000        0.00000        0.00000               0
   -2.55000        19.5057       0.259428            5624
   -2.25000        79.3865       0.519213           22889
   -1.95000        115.761       0.623910           33377
   -1.65000        158.940       0.726767           45827
   -1.35000        203.818       0.817916           58767
   -1.05000        246.070       0.893417           70949
  -0.750000        282.016       0.951601           81313
  -0.450000        307.276       0.989733           88596
  -0.150000        321.436        1.01023           92679
   0.150000        321.902        1.01090           92813
   0.450000        308.627       0.991720           88985
   0.750000        280.489       0.949229           80873
    1.05000        245.823       0.892998           70878
    1.35000        203.804       0.817895           58762
    1.65000        158.732       0.726315           45767
    1.95000        115.177       0.622380           33209
    2.25000        80.0063       0.521193           23068
    2.55000        19.2145       0.257496            5540
    2.85000        0.00000        0.00000               0
