   0.500000        1067.00       0.317572          999901
    330.000       0.825357       0.374939E-02       46407
    390.000        3.54683       0.718419E-02      199426
    450.000        3.35231       0.702690E-02      188489
    510.000        2.63947       0.637122E-02      148408
    570.000        1.97520       0.561894E-02      111059
    630.000        1.44115       0.487209E-02       81032
    690.000        1.03926       0.418312E-02       58434
    750.000       0.757472       0.359841E-02       42590
    810.000       0.554148       0.309443E-02       31158
    870.000       0.403309       0.265038E-02       22677
    930.000       0.304040       0.230719E-02       17095
    990.000       0.224821       0.198806E-02       12641
    1050.00       0.167895       0.172056E-02        9440
    1110.00       0.126562       0.149544E-02        7116
    1170.00       0.938335E-01   0.128871E-02        5276
    1230.00       0.740929E-01   0.114574E-02        4166
    1290.00       0.550957E-01   0.988463E-03        3098
    1350.00       0.427722E-01   0.871214E-03        2405
    1410.00       0.335767E-01   0.772076E-03        1888
    1470.00       0.259853E-01   0.679376E-03        1461
    10.0000       0.906186       0.689934E-02       33968
    30.0000        2.70868       0.117403E-01      101532
    50.0000        4.19773       0.144190E-01      157350
    70.0000        5.10210       0.157637E-01      191248
    90.0000        5.19582       0.158938E-01      194762
    110.000        5.06486       0.157115E-01      189854
    130.000        4.72952       0.152300E-01      177284
    150.000        4.30672       0.145903E-01      161434
    170.000        3.79433       0.137594E-01      142228
    190.000        3.25798       0.128122E-01      122124
    210.000        2.73099       0.117861E-01      102370
    230.000        2.26988       0.107894E-01       85086
    250.000        1.83744       0.974455E-02       68876
    270.000        1.46877       0.874068E-02       55056
    290.000        1.17723       0.784522E-02       44128
    310.000       0.936706       0.701266E-02       35112
    330.000       0.750070       0.628544E-02       28116
    350.000       0.606328       0.565823E-02       22728
    370.000       0.479936       0.503955E-02       17990
    390.000       0.374886       0.445805E-02       14052
    10.0000        2.88969       0.121065E-01       54159
    30.0000        5.72931       0.166062E-01      107380
    50.0000        6.85621       0.179712E-01      128501
    70.0000        7.80013       0.189925E-01      146191
    90.0000        9.42269       0.205383E-01      176602
    110.000        10.2398       0.212313E-01      191917
    130.000        6.45937       0.175102E-01      121063
    150.000        1.91684       0.994592E-02       35926
    170.000       0.844713       0.666471E-02       15832
    190.000       0.450172       0.488206E-02        8437
    210.000       0.253497       0.366972E-02        4751
    230.000       0.161020       0.292697E-02        3018
    250.000       0.104735       0.236179E-02        1963
    270.000       0.648249E-01   0.185870E-02        1215
    290.000       0.438050E-01   0.152823E-02         821
    310.000       0.306819E-01   0.127918E-02         575
    330.000       0.185691E-01   0.995244E-03         348
    350.000       0.154740E-01   0.908537E-03         290
    370.000       0.101392E-01   0.735501E-03         190
    390.000       0.939060E-02   0.707783E-03         176
    10.0000        0.00000        0.00000               0
    30.0000       0.742747       0.625504E-02       13921
    50.0000        1.80749       0.966751E-02       33876
    70.0000        2.54416       0.113949E-01       47683
    90.0000        3.71827       0.136304E-01       69688
    110.000        4.85443       0.154119E-01       90982
    130.000        5.38423       0.161507E-01      100913
    150.000        5.25997       0.159820E-01       98584
    170.000        4.84078       0.153921E-01       90728
    190.000        4.19481       0.144143E-01       78620
    210.000        3.55327       0.133445E-01       66596
    230.000        2.95787       0.122410E-01       55437
    250.000        2.44486       0.111802E-01       45822
    270.000        1.98626       0.101183E-01       37227
    290.000        1.62074       0.916951E-02       30376
    310.000        1.30320       0.824524E-02       24425
    330.000        1.06897       0.748280E-02       20035
    350.000       0.859356       0.672148E-02       16106
    370.000       0.704355       0.609337E-02       13201
    390.000       0.585986       0.556337E-02       10983
    5.00000        0.00000        0.00000               0
    15.0000       0.170749E-01   0.134978E-02         160
    25.0000       0.503684       0.731557E-02        4720
    35.0000        1.42352       0.122497E-01       13340
    45.0000        2.26483       0.153949E-01       21224
    55.0000        3.19285       0.182049E-01       29920
    65.0000        4.17600       0.207297E-01       39134
    75.0000        5.34007       0.233206E-01       50042
    85.0000        6.68264       0.259306E-01       62624
    95.0000        8.22681       0.285689E-01       77094
    105.000        9.46329       0.304662E-01       88682
    115.000        9.95148       0.311713E-01       93256
    125.000        9.44937       0.304459E-01       88551
    135.000        7.70860       0.277203E-01       72238
    145.000        4.67057       0.218747E-01       43769
    155.000        3.14466       0.180707E-01       29469
    165.000        2.81667       0.171269E-01       26395
    175.000        2.62647       0.165524E-01       24613
    185.000        2.41990       0.159026E-01       22677
    195.000        2.17391       0.150888E-01       20372
    5.00000        0.00000        0.00000               0
    15.0000       0.117486       0.353890E-02        1101
    25.0000        1.06197       0.105969E-01        9952
    35.0000        2.02933       0.145876E-01       19017
    45.0000        3.00583       0.176782E-01       28168
    55.0000        4.12055       0.205967E-01       38614
    65.0000        5.50280       0.236559E-01       51567
    75.0000        7.46186       0.273038E-01       69926
    85.0000        9.62023       0.306955E-01       90152
    95.0000        11.1146       0.327632E-01      104156
    105.000        11.6751       0.334902E-01      109409
    115.000        11.2193       0.329005E-01      105137
    125.000        9.81505       0.309764E-01       91978
    135.000        7.37360       0.271528E-01       69099
    145.000        4.11151       0.205750E-01       38529
    155.000        2.60542       0.164873E-01       24416
    165.000        2.18202       0.151162E-01       20448
    175.000        1.86681       0.140011E-01       17494
    185.000        1.62809       0.130888E-01       15257
    195.000        1.39087       0.121102E-01       13034
    5.00000        0.00000        0.00000               0
    15.0000       0.412981       0.662682E-02        3870
    25.0000        1.75019       0.135636E-01       16401
    35.0000        2.56382       0.163581E-01       24026
    45.0000        3.28413       0.184559E-01       30776
    55.0000        4.15355       0.206761E-01       38923
    65.0000        5.37783       0.233989E-01       50396
    75.0000        6.49538       0.255864E-01       60869
    85.0000        7.27802       0.269880E-01       68203
    95.0000        7.59150       0.275237E-01       71141
    105.000        7.39989       0.271981E-01       69345
    115.000        6.99637       0.264945E-01       65564
    125.000        6.39091       0.253918E-01       59890
    135.000        5.72291       0.241005E-01       53630
    145.000        5.09577       0.228056E-01       47753
    155.000        4.41751       0.212980E-01       41397
    165.000        3.88179       0.200121E-01       36377
    175.000        3.43054       0.188506E-01       32148
    185.000        2.96625       0.175643E-01       27797
    195.000        2.57726       0.164000E-01       24152
    5.00000        0.00000        0.00000               0
    15.0000       0.134560       0.378709E-02        1261
    25.0000        1.56267       0.128268E-01       14644
    35.0000        3.43343       0.188583E-01       32175
    45.0000        5.17132       0.229663E-01       48461
    55.0000        7.02208       0.265400E-01       65804
    65.0000        8.94387       0.296899E-01       83814
    75.0000        11.0968       0.327399E-01      103989
    85.0000        12.9212       0.350234E-01      121086
    95.0000        13.7016       0.359300E-01      128399
    105.000        13.2830       0.354483E-01      124477
    115.000        11.7239       0.335521E-01      109866
    125.000        9.24586       0.301446E-01       86644
    135.000        5.83374       0.243206E-01       54669
    145.000        1.82360       0.138407E-01       17089
    155.000       0.234124       0.499334E-02        2194
    165.000       0.111936       0.345438E-02        1049
    175.000       0.774782E-01   0.287451E-02         726
    185.000       0.583670E-01   0.249494E-02         547
    195.000       0.474858E-01   0.225057E-02         445
    10.0000        0.00000        0.00000               0
    30.0000        0.00000        0.00000               0
    50.0000        5.13415       0.158084E-01       96225
    70.0000        12.1348       0.226545E-01      227433
    90.0000        11.0592       0.218764E-01      207274
    110.000        8.05972       0.192564E-01      151058
    130.000        5.56554       0.163925E-01      104311
    150.000        3.73631       0.136610E-01       70027
    170.000        2.50342       0.113073E-01       46920
    190.000        1.65646       0.926707E-02       31046
    210.000        1.10126       0.759287E-02       20640
    230.000       0.746913       0.627236E-02       13999
    250.000       0.498507       0.513531E-02        9343
    270.000       0.344465       0.427444E-02        6456
    290.000       0.232468       0.351480E-02        4357
    310.000       0.162846       0.294358E-02        3052
    330.000       0.110974       0.243094E-02        2080
    350.000       0.846177E-01   0.212320E-02        1586
    370.000       0.550086E-01   0.171235E-02        1031
    390.000       0.420963E-01   0.149812E-02         789
    10.0000        0.00000        0.00000               0
    30.0000        0.00000        0.00000               0
    50.0000        26.0635       0.277745E-01      488487
    70.0000        13.2137       0.233637E-01      247653
    90.0000        6.53883       0.176041E-01      122553
    110.000        3.34687       0.129754E-01       62728
    130.000        1.78092       0.959849E-02       33378
    150.000       0.973943       0.714840E-02       18254
    170.000       0.568707       0.548159E-02       10659
    190.000       0.328669       0.417584E-02        6160
    210.000       0.196503       0.323248E-02        3683
    230.000       0.122667       0.255565E-02        2299
    250.000       0.772579E-01   0.202894E-02        1448
    270.000       0.465261E-01   0.157493E-02         872
    290.000       0.312647E-01   0.129118E-02         586
    310.000       0.191018E-01   0.100939E-02         358
    330.000       0.134450E-01   0.846856E-03         252
    350.000       0.880323E-02   0.685276E-03         165
    370.000       0.581613E-02   0.557051E-03         109
    390.000       0.437580E-02   0.483205E-03          82
    10.0000        0.00000        0.00000               0
    30.0000        0.00000        0.00000               0
    50.0000        15.5988       0.182020E-01      584712
    70.0000        12.6742       0.167898E-01      475086
    90.0000        8.79903       0.143498E-01      329827
    110.000        5.70330       0.119503E-01      213786
    130.000        3.67323       0.980069E-02      137689
    150.000        2.35513       0.795277E-02       88281
    170.000        1.53606       0.647192E-02       57579
    190.000       0.992565       0.521980E-02       37206
    210.000       0.648882       0.423555E-02       24323
    230.000       0.434790       0.346517E-02       16298
    250.000       0.287883       0.281937E-02       10791
    270.000       0.195495       0.232496E-02        7328
    290.000       0.131866       0.191010E-02        4943
    310.000       0.909737E-01   0.158224E-02        3410
    330.000       0.622097E-01   0.131203E-02        2332
    350.000       0.467105E-01   0.113747E-02        1751
    370.000       0.304124E-01   0.911252E-03        1140
    390.000       0.232361E-01   0.796883E-03         871
    5.00000        0.00000        0.00000               0
    15.0000        0.00000        0.00000               0
    25.0000        0.00000        0.00000               0
    35.0000        24.5501       0.455013E-01      230061
    45.0000        20.0860       0.421382E-01      188228
    55.0000        15.4230       0.378014E-01      144531
    65.0000        11.5838       0.333736E-01      108553
    75.0000        8.57794       0.291252E-01       80385
    85.0000        6.35570       0.253258E-01       59560
    95.0000        4.68601       0.219095E-01       43913
    105.000        3.50373       0.190444E-01       32834
    115.000        2.61451       0.165154E-01       24501
    125.000        1.97407       0.143911E-01       18499
    135.000        1.53683       0.127216E-01       14402
    145.000        1.16046       0.110726E-01       10875
    155.000       0.926237       0.990229E-02        8680
    165.000       0.718586       0.872976E-02        6734
    175.000       0.557254       0.769299E-02        5222
    185.000       0.455541       0.695852E-02        4269
    195.000       0.357056       0.616320E-02        3346
    5.00000        0.00000        0.00000               0
    15.0000        0.00000        0.00000               0
    25.0000        0.00000        0.00000               0
    35.0000        24.6305       0.455558E-01      230815
    45.0000        20.1301       0.421749E-01      188641
    55.0000        15.3434       0.377186E-01      143784
    65.0000        11.5439       0.333222E-01      108180
    75.0000        8.57701       0.291236E-01       80376
    85.0000        6.33971       0.252957E-01       59410
    95.0000        4.68736       0.219125E-01       43926
    105.000        3.51186       0.190659E-01       32910
    115.000        2.61537       0.165181E-01       24509
    125.000        1.98374       0.144254E-01       18590
    135.000        1.49648       0.125556E-01       14024
    145.000        1.18653       0.111952E-01       11119
    155.000       0.912374       0.982855E-02        8550
    165.000       0.714968       0.870797E-02        6700
    175.000       0.578790       0.783936E-02        5424
    185.000       0.449779       0.691451E-02        4215
    195.000       0.369106       0.626592E-02        3459
    5.00000        0.00000        0.00000               0
    15.0000        0.00000        0.00000               0
    25.0000        0.00000        0.00000               0
    35.0000        24.5903       0.330138E-01      460876
    45.0000        20.1081       0.304343E-01      376869
    55.0000        15.3832       0.270263E-01      288315
    65.0000        11.5639       0.236951E-01      216733
    75.0000        8.57747       0.206869E-01      160761
    85.0000        6.34771       0.179977E-01      118970
    95.0000        4.68669       0.155896E-01       87839
    105.000        3.50780       0.135842E-01       65744
    115.000        2.61494       0.117887E-01       49010
    125.000        1.97891       0.102726E-01       37089
    135.000        1.51666       0.901344E-02       28426
    145.000        1.17350       0.794447E-02       21994
    155.000       0.919306       0.703016E-02       17230
    165.000       0.716777       0.623260E-02       13434
    175.000       0.568022       0.553369E-02       10646
    185.000       0.452660       0.494916E-02        8484
    195.000       0.363081       0.442193E-02        6805
    5.00000        1.81142       0.137950E-01       16975
    15.0000        4.83187       0.222333E-01       45280
    25.0000        7.09837       0.266746E-01       66520
    35.0000        8.96144       0.297166E-01       83978
    45.0000        10.5717       0.320346E-01       99069
    55.0000        11.8925       0.337659E-01      111446
    65.0000        13.2401       0.353986E-01      124074
    75.0000        12.8157       0.348979E-01      120097
    85.0000        10.6224       0.321038E-01       99544
    95.0000        7.98296       0.281740E-01       74809
    105.000        5.66013       0.239747E-01       53042
    115.000        3.81424       0.198432E-01       35744
    125.000        2.46022       0.160316E-01       23055
    135.000        1.55861       0.128103E-01       14606
    145.000       0.957904       0.100686E-01        8977
    155.000       0.630571       0.818087E-02        5909
    165.000       0.430785       0.676744E-02        4037
    175.000       0.295490       0.560828E-02        2769
    185.000       0.224953       0.489482E-02        2108
    195.000       0.171376       0.427318E-02        1606
    5.00000       0.685631       0.852855E-02        6425
    15.0000        2.12195       0.149106E-01       19885
    25.0000        3.65514       0.194385E-01       34253
    35.0000        5.18497       0.229951E-01       48589
    45.0000        6.55028       0.256880E-01       61383
    55.0000        7.20663       0.268641E-01       67534
    65.0000        7.57728       0.274998E-01       71007
    75.0000        7.76188       0.278091E-01       72737
    85.0000        7.72926       0.277549E-01       72432
    95.0000        7.46156       0.273031E-01       69924
    105.000        7.02002       0.265365E-01       65785
    115.000        6.26353       0.251518E-01       58696
    125.000        5.43203       0.235107E-01       50904
    135.000        4.50992       0.215107E-01       42263
    145.000        3.71567       0.195937E-01       34820
    155.000        3.18203       0.181749E-01       29819
    165.000        2.72859       0.168636E-01       25570
    175.000        2.41817       0.158969E-01       22661
    185.000        2.11199       0.148761E-01       19792
    195.000        1.82686       0.138528E-01       17120
    5.00000        1.54126       0.127399E-01       14443
    15.0000        4.32499       0.210824E-01       40530
    25.0000        5.98414       0.246156E-01       56078
    35.0000        6.90716       0.263359E-01       64727
    45.0000        7.53225       0.274232E-01       70586
    55.0000        7.91047       0.280549E-01       74130
    65.0000        8.43361       0.288984E-01       79032
    75.0000        9.41486       0.303951E-01       88227
    85.0000        9.28383       0.302012E-01       87000
    95.0000        8.31995       0.287180E-01       77967
    105.000        7.11399       0.267020E-01       66666
    115.000        5.76813       0.241906E-01       54054
    125.000        4.49763       0.214824E-01       42148
    135.000        3.49885       0.190316E-01       32788
    145.000        2.67351       0.166964E-01       25054
    155.000        2.16600       0.150617E-01       20298
    165.000        1.79357       0.137279E-01       16808
    175.000        1.48311       0.125005E-01       13898
    185.000        1.22266       0.113624E-01       11458
    195.000        1.07235       0.106481E-01       10049
    5.00000        0.00000        0.00000               0
    15.0000        0.00000        0.00000               0
    25.0000        0.00000        0.00000               0
    35.0000        0.00000        0.00000               0
    45.0000        16.9570       0.393368E-01      158906
    55.0000        17.1319       0.395046E-01      160544
    65.0000        16.1440       0.385377E-01      151288
    75.0000        14.1388       0.364216E-01      132496
    85.0000        11.4726       0.332304E-01      107511
    95.0000        8.87294       0.295813E-01       83150
    105.000        6.48648       0.255698E-01       60786
    115.000        4.61910       0.217591E-01       43286
    125.000        3.12870       0.180262E-01       29319
    135.000        2.15131       0.150116E-01       20160
    145.000        1.45568       0.123857E-01       13641
    155.000       0.979383       0.101801E-01        9178
    165.000       0.710492       0.868087E-02        6658
    175.000       0.540489       0.757688E-02        5065
    185.000       0.396948       0.649711E-02        3720
    195.000       0.303492       0.568348E-02        2844
   -2.85000       0.439196       0.279420E-01         247
   -2.55000        6.32279       0.106200            3555
   -2.25000        34.7797       0.250177           19555
   -1.95000        90.6704       0.405708           50981
   -1.65000        159.222       0.535132           89525
   -1.35000        220.280       0.622157          123856
   -1.05000        270.107       0.681066          151872
  -0.750000        308.041       0.719943          173202
  -0.450000        336.648       0.745439          189286
  -0.150000        351.843       0.758648          197830
   0.150000        351.206       0.757944          197470
   0.450000        335.716       0.744519          188762
   0.750000        309.576       0.720799          174065
    1.05000        269.957       0.681348          151788
    1.35000        220.594       0.623062          124033
    1.65000        158.853       0.533937           89317
    1.95000        91.0033       0.405999           51169
    2.25000        34.4231       0.248706           19355
    2.55000        6.49664       0.107632            3653
    2.85000       0.492632       0.295955E-01         277
   -2.85000        0.00000        0.00000               0
   -2.55000        18.6210       0.182434           10470
   -2.25000        76.8798       0.371523           43226
   -1.95000        115.874       0.454333           65152
   -1.65000        161.162       0.533410           90616
   -1.35000        208.966       0.602133          117495
   -1.05000        254.268       0.658205          142967
  -0.750000        292.516       0.700338          164472
  -0.450000        317.667       0.724399          178613
  -0.150000        332.618       0.738659          187020
   0.150000        333.301       0.739446          187404
   0.450000        316.838       0.723317          178148
   0.750000        292.081       0.699709          164227
    1.05000        254.486       0.658526          143089
    1.35000        210.047       0.603945          118103
    1.65000        161.073       0.532808           90566
    1.95000        114.893       0.452507           64600
    2.25000        76.9970       0.371568           43293
    2.55000        18.3914       0.181313           10341
    2.85000        0.00000        0.00000               0
   -2.85000        0.00000        0.00000               0
   -2.55000        17.9315       0.251972            5041
   -2.25000        76.0969       0.515169           21393
   -1.95000        114.242       0.628060           32117
   -1.65000        160.512       0.739897           45126
   -1.35000        209.230       0.839244           58821
   -1.05000        254.491       0.919881           71546
  -0.750000        293.153       0.982042           82415
  -0.450000        320.610        1.02308           90134
  -0.150000        331.114        1.03819           93087
   0.150000        331.825        1.03920           93287
   0.450000        320.251        1.02256           90034
   0.750000        291.136       0.978933           81848
    1.05000        256.886       0.923900           72219
    1.35000        210.021       0.840735           59044
    1.65000        161.187       0.741391           45315
    1.95000        113.946       0.627271           32034
    2.25000        75.8392       0.514311           21321
    2.55000        18.2078       0.253889            5119
    2.85000        0.00000        0.00000               0
   -2.85000        0.00000        0.00000               0
   -2.55000        17.9060       0.251791            5034
   -2.25000        75.9456       0.514665           21351
   -1.95000        115.313       0.630911           32418
   -1.65000        160.267       0.739358           45056
   -1.35000        210.078       0.840841           59060
   -1.05000        255.007       0.920749           71691
  -0.750000        293.042       0.981874           82384
  -0.450000        318.778        1.02042           89619
  -0.150000        332.004        1.03945           93337
   0.150000        332.751        1.04051           93548
   0.450000        319.555        1.02156           89837
   0.750000        291.607       0.979663           81980
    1.05000        256.771       0.923709           72187
    1.35000        209.134       0.839056           58795
    1.65000        160.044       0.738866           44994
    1.95000        114.828       0.629621           32282
    2.25000        75.5716       0.513419           21246
    2.55000        18.0767       0.252983            5082
    2.85000        0.00000        0.00000               0
   -2.85000        0.00000        0.00000               0
   -2.55000        17.9188       0.178919           10075
   -2.25000        76.0212       0.368948           42744
   -1.95000        114.777       0.452592           64535
   -1.65000        160.390       0.531408           90182
   -1.35000        209.654       0.603000          117881
   -1.05000        254.749       0.659163          143237
  -0.750000        293.097       0.701126          164799
  -0.450000        319.694       0.726160          179753
  -0.150000        331.559       0.737839          186424
   0.150000        332.288       0.738758          186835
   0.450000        319.903       0.726628          179871
   0.750000        291.372       0.698145          163828
    1.05000        256.828       0.661374          144406
    1.35000        209.577       0.602833          117839
    1.65000        160.616       0.532280           90309
    1.95000        114.387       0.452165           64316
    2.25000        75.7054       0.368047           42567
    2.55000        18.1422       0.179828           10201
    2.85000        0.00000        0.00000               0
   -2.85000        0.00000        0.00000               0
   -2.55000       0.142269       0.230998E-01          38
   -2.25000        4.72395       0.129551            1328
   -1.95000        34.0228       0.346358            9565
   -1.65000        99.7541       0.588011           28044
   -1.35000        188.470       0.798759           52985
   -1.05000        279.535       0.960765           78587
  -0.750000        351.358        1.06642           98778
  -0.450000        398.605        1.12828          112061
  -0.150000        420.538        1.15527          118227
   0.150000        423.051        1.15830          118934
   0.450000        398.204        1.12777          111948
   0.750000        350.352        1.06504           98496
    1.05000        279.883       0.961316           78685
    1.35000        190.092       0.802010           53441
    1.65000        100.237       0.589391           28180
    1.95000        32.8526       0.340399            9236
    2.25000        4.72021       0.129498            1327
    2.55000       0.145807       0.227708E-01          41
    2.85000        0.00000        0.00000               0
   -2.85000        0.00000        0.00000               0
   -2.55000       0.579764       0.454071E-01         163
   -2.25000        13.6874       0.220260            3848
   -1.95000        52.3920       0.428787           14729
   -1.65000        116.650       0.634446           32794
   -1.35000        193.933       0.809653           54521
   -1.05000        273.650       0.951375           76932
  -0.750000        338.382        1.04845           95130
  -0.450000        384.305        1.11011          108041
  -0.150000        407.103        1.13885          114450
   0.150000        403.363        1.13422          113399
   0.450000        382.599        1.10791          107562
   0.750000        338.861        1.04912           95265
    1.05000        273.443       0.951040           76874
    1.35000        196.502       0.814715           55243
    1.65000        115.614       0.631705           32503
    1.95000        51.4304       0.424880           14459
    2.25000        13.6555       0.220006            3839
    2.55000       0.529962       0.434127E-01         149
    2.85000        0.00000        0.00000               0
   0.587500        70.2632       0.651104           11523
   0.762500        93.4428       0.749552           15324
   0.937500        116.523       0.835548           19109
    1.11250        144.425       0.928249           23685
    1.28750        177.251        1.02577           29068
    1.46250        209.258        1.11180           34317
    1.63750        251.773        1.21551           41289
    1.81250        295.896        1.31320           48525
    1.98750        343.604        1.40980           56350
    2.16250        402.950        1.51956           66082
    2.33750        459.641        1.61560           75379
    2.51250        521.571        1.71243           85535
    2.68750        580.998        1.79863           95280
    2.86250        631.072        1.86683          103492
    3.03750        667.257        1.91387          109427
    3.21250        460.390        1.61683           75501
    3.38750        257.990        1.22982           42309
    3.56250        158.257       0.970654           25953
    3.73750        99.4409       0.772875           16308
    3.91250        63.5939       0.619751           10429
   0.100000        0.00000        0.00000               0
   0.300000        0.00000        0.00000               0
   0.500000        71.3907       0.613403           13380
   0.700000        100.506       0.725976           18837
   0.900000        130.223       0.824217           24407
    1.10000        162.942       0.919335           30539
    1.30000        197.326        1.00864           36983
    1.50000        234.142        1.09512           43883
    1.70000        279.381        1.19143           52362
    1.90000        328.958        1.28705           61654
    2.10000        387.822        1.38999           72687
    2.30000        445.492        1.48189           83495
    2.50000        503.489        1.56694           94365
    2.70000        559.518        1.64315          104866
    2.90000        603.899        1.69990          113184
    3.10000        589.629        1.68198          110510
    3.30000        315.372        1.26173           59108
    3.50000        181.680       0.969155           34051
    3.70000        106.727       0.747707           20003
    3.90000        62.1690       0.572864           11652
   0.100000        0.00000        0.00000               0
   0.300000        0.00000        0.00000               0
   0.500000        201.344        1.01849           37736
   0.700000        276.466        1.18550           51816
   0.900000        323.835        1.27758           60694
    1.10000        338.071        1.30369           63362
    1.30000        327.526        1.28441           61386
    1.50000        309.257        1.25014           57962
    1.70000        296.760        1.22601           55619
    1.90000        295.130        1.22281           55314
    2.10000        304.639        1.24129           57096
    2.30000        335.421        1.29887           62865
    2.50000        382.242        1.38067           71641
    2.70000        439.512        1.47272           82374
    2.90000        506.526        1.57120           94934
    3.10000        507.041        1.57193           95031
    3.30000        228.355        1.08206           42799
    3.50000        117.515       0.783846           22025
    3.70000        65.8674       0.589473           12345
    3.90000        37.1831       0.443992            6969
   0.100000        0.00000        0.00000               0
   0.300000        0.00000        0.00000               0
   0.500000        122.098       0.798662           22884
   0.700000        205.631        1.02888           38540
   0.900000        286.053        1.20484           53613
    1.10000        346.414        1.31868           64926
    1.30000        385.172        1.38558           72190
    1.50000        393.965        1.40019           73838
    1.70000        396.023        1.40358           74223
    1.90000        393.558        1.39951           73762
    2.10000        390.545        1.39453           73197
    2.30000        391.533        1.39617           73382
    2.50000        402.994        1.41497           75530
    2.70000        409.997        1.42630           76842
    2.90000        418.006        1.43909           78344
    3.10000        389.793        1.39329           73055
    3.30000        181.911       0.969754           34094
    3.50000        94.9461       0.705953           17795
    3.70000        54.1286       0.534910           10145
    3.90000        31.4477       0.408518            5894
   0.100000        0.00000        0.00000               0
   0.300000        0.00000        0.00000               0
   0.500000        198.542        1.01163           37211
   0.700000        278.437        1.18950           52186
   0.900000        321.981        1.27414           60346
    1.10000        335.888        1.29972           62953
    1.30000        326.709        1.28291           61233
    1.50000        312.081        1.25552           58491
    1.70000        294.449        1.22147           55186
    1.90000        296.287        1.22508           55530
    2.10000        307.153        1.24613           57567
    2.30000        335.946        1.29983           62964
    2.50000        382.121        1.38047           71618
    2.70000        441.175        1.47529           82686
    2.90000        504.688        1.56862           94590
    3.10000        508.401        1.57383           95286
    3.30000        227.956        1.08115           42724
    3.50000        118.332       0.786512           22178
    3.70000        65.6707       0.588605           12308
    3.90000        37.1897       0.444038            6970
   0.100000        0.00000        0.00000               0
   0.300000        0.00000        0.00000               0
   0.500000        121.251       0.795948           22725
   0.700000        203.950        1.02481           38225
   0.900000        283.398        1.19952           53115
    1.10000        347.740        1.32103           65174
    1.30000        384.938        1.38520           72146
    1.50000        398.094        1.40697           74612
    1.70000        397.072        1.40529           74420
    1.90000        394.364        1.40084           73913
    2.10000        391.036        1.39534           73289
    2.30000        393.840        1.39998           73814
    2.50000        400.939        1.41162           75144
    2.70000        410.955        1.42783           77022
    2.90000        416.314        1.43640           78027
    3.10000        387.999        1.39030           72720
    3.30000        181.114       0.967692           33945
    3.50000        94.4236       0.704038           17697
    3.70000        54.4126       0.536304           10198
    3.90000        31.8795       0.411295            5975
    3.02500        0.00000        0.00000               0
    3.07500        0.00000        0.00000               0
    3.12500        3187.51        7.66590          149352
    3.17500        5036.50        9.18516          235989
    3.22500        2726.66        7.17043          127759
    3.27500        1985.12        6.22691           93014
    3.32500        1526.31        5.51826           71516
    3.37500        1221.72        4.97124           57245
    3.42500        995.839        4.51101           46660
    3.47500        818.733        4.10637           38362
    3.52500        661.248        3.70323           30983
    3.57500        546.186        3.37411           25592
    3.62500        449.441        3.06721           21059
    3.67500        380.636        2.82688           17835
    3.72500        314.369        2.57278           14730
    3.77500        260.161        2.34321           12190
    3.82500        215.877        2.13652           10115
    3.87500        179.490        1.94969            8410
    3.92500        149.203        1.77875            6991
    3.97500        124.448        1.62538            5831
   -2.85000        0.00000        0.00000               0
   -2.55000       0.579782       0.454085E-01         163
   -2.25000        13.8369       0.221457            3890
   -1.95000        52.8586       0.430668           14860
   -1.65000        116.108       0.633015           32642
   -1.35000        197.017       0.815727           55388
   -1.05000        273.733       0.951509           76955
  -0.750000        336.530        1.04585           94610
  -0.450000        382.016        1.10716          107397
  -0.150000        405.758        1.13719          114072
   0.150000        405.444        1.13680          113984
   0.450000        380.621        1.10535          107005
   0.750000        336.920        1.04639           94720
    1.05000        274.341       0.952483           77127
    1.35000        196.461       0.814631           55232
    1.65000        117.243       0.636008           32961
    1.95000        53.2983       0.432425           14984
    2.25000        13.4099       0.218024            3770
    2.55000       0.501458       0.422274E-01         141
    2.85000        0.00000        0.00000               0
    5.00000        0.00000        0.00000               0
    15.0000        0.00000        0.00000               0
    25.0000        0.00000        0.00000               0
    35.0000        6.16751       0.249692E-01       57796
    45.0000        14.5324       0.368545E-01      136184
    55.0000        16.3710       0.387640E-01      153415
    65.0000        14.8877       0.372375E-01      139514
    75.0000        12.1582       0.340977E-01      113936
    85.0000        9.51126       0.305366E-01       89131
    95.0000        7.29859       0.270234E-01       68396
    105.000        5.60211       0.238577E-01       52498
    115.000        4.22988       0.208580E-01       39639
    125.000        3.26697       0.184089E-01       30615
    135.000        2.53616       0.162716E-01       23767
    145.000        1.97512       0.143947E-01       18509
    155.000        1.57375       0.128715E-01       14748
    165.000        1.23358       0.114126E-01       11560
    175.000       0.989848       0.102339E-01        9276
    185.000       0.786453       0.913007E-02        7370
    195.000       0.638342       0.823074E-02        5982
    5.00000        0.00000        0.00000               0
    15.0000        0.00000        0.00000               0
    25.0000        0.00000        0.00000               0
    35.0000        43.0131       0.538843E-01      403080
    45.0000        25.6837       0.462540E-01      240685
    55.0000        14.3953       0.367045E-01      134900
    65.0000        8.24009       0.285903E-01       77219
    75.0000        4.99674       0.225929E-01       46825
    85.0000        3.18415       0.181807E-01       29839
    95.0000        2.07479       0.147470E-01       19443
    105.000        1.41349       0.122070E-01       13246
    115.000        1.00000       0.102858E-01        9371
    125.000       0.690842       0.856063E-02        6474
    135.000       0.497149       0.726797E-02        4659
    145.000       0.371875       0.628930E-02        3485
    155.000       0.264858       0.531027E-02        2482
    165.000       0.199974       0.461547E-02        1874
    175.000       0.146196       0.394731E-02        1370
    185.000       0.118868       0.355956E-02        1114
    195.000       0.878214E-01   0.306010E-02         823
   -2.85000        0.00000        0.00000               0
   -2.55000        16.0672       0.238570            4517
   -2.25000        71.5852       0.499955           20125
   -1.95000        110.668       0.618455           31112
   -1.65000        158.363       0.735137           44521
   -1.35000        209.592       0.839930           58923
   -1.05000        257.361       0.924693           72353
  -0.750000        296.443       0.987084           83340
  -0.450000        322.780        1.02623           90744
  -0.150000        333.809        1.04201           93845
   0.150000        337.012        1.04652           94746
   0.450000        322.211        1.02541           90584
   0.750000        295.266       0.985289           83009
    1.05000        258.981       0.927394           72808
    1.35000        209.565       0.839875           58916
    1.65000        158.793       0.736099           44642
    1.95000        110.915       0.619121           31182
    2.25000        70.9449       0.497758           19945
    2.55000        16.3228       0.240448            4589
    2.85000        0.00000        0.00000               0
   -2.85000        0.00000        0.00000               0
   -2.55000        19.7704       0.264514            5558
   -2.25000        80.4573       0.529419           22619
   -1.95000        118.886       0.640305           33423
   -1.65000        162.417       0.744087           45661
   -1.35000        209.715       0.840160           58958
   -1.05000        252.137       0.915915           70884
  -0.750000        289.752       0.976788           81459
  -0.450000        316.608        1.01725           89009
  -0.150000        329.309        1.03562           92579
   0.150000        327.564        1.03312           92089
   0.450000        317.595        1.01869           89287
   0.750000        287.477       0.973256           80819
    1.05000        254.676       0.920194           71598
    1.35000        209.590       0.839920           58923
    1.65000        162.439       0.744138           45667
    1.95000        117.859       0.637623           33134
    2.25000        80.4658       0.529441           22622
    2.55000        19.9617       0.265780            5612
    2.85000        0.00000        0.00000               0
