   0.500000        1013.99       0.299762          999906
    330.000       0.368094       0.246931E-02       21779
    390.000        3.19346       0.668322E-02      188946
    450.000        3.27101       0.674676E-02      193534
    510.000        2.62097       0.616667E-02      155074
    570.000        1.96138       0.544413E-02      116048
    630.000        1.43580       0.473129E-02       84952
    690.000        1.03766       0.406878E-02       61395
    750.000       0.764607       0.351984E-02       45239
    810.000       0.559485       0.302823E-02       33103
    870.000       0.412090       0.260957E-02       24382
    930.000       0.308876       0.226569E-02       18275
    990.000       0.227662       0.194947E-02       13470
    1050.00       0.171520       0.169472E-02       10148
    1110.00       0.129616       0.147490E-02        7669
    1170.00       0.963916E-01   0.127306E-02        5703
    1230.00       0.738425E-01   0.111492E-02        4369
    1290.00       0.578709E-01   0.987438E-03        3424
    1350.00       0.454319E-01   0.875208E-03        2688
    1410.00       0.347151E-01   0.765259E-03        2054
    1470.00       0.266353E-01   0.670445E-03        1576
    10.0000       0.852345       0.652335E-02       33620
    30.0000        2.45225       0.109018E-01       96728
    50.0000        3.85312       0.134840E-01      151984
    70.0000        4.82700       0.149493E-01      190398
    90.0000        5.05350       0.152616E-01      199332
    110.000        4.80088       0.149125E-01      189368
    130.000        4.48903       0.144644E-01      177066
    150.000        4.05917       0.138121E-01      160112
    170.000        3.56644       0.130086E-01      140676
    190.000        3.07869       0.121429E-01      121438
    210.000        2.60601       0.112221E-01      102792
    230.000        2.15939       0.102583E-01       85176
    250.000        1.76498       0.930852E-02       69618
    270.000        1.42704       0.839631E-02       56288
    290.000        1.13703       0.751470E-02       44850
    310.000       0.916845       0.676169E-02       36164
    330.000       0.737743       0.607530E-02       29100
    350.000       0.593445       0.545604E-02       23408
    370.000       0.467999       0.485070E-02       18460
    390.000       0.369591       0.431454E-02       14578
    10.0000        2.49753       0.109972E-01       49257
    30.0000        4.95523       0.151274E-01       97728
    50.0000        6.03956       0.165208E-01      119113
    70.0000        6.92078       0.175269E-01      136493
    90.0000        8.36167       0.189777E-01      164910
    110.000        9.43722       0.199303E-01      186122
    130.000        7.59093       0.182290E-01      149710
    150.000        2.53577       0.110772E-01       50011
    170.000        1.01059       0.709284E-02       19931
    190.000       0.514952       0.508605E-02       10156
    210.000       0.293020       0.384431E-02        5779
    230.000       0.174213       0.296734E-02        3436
    250.000       0.115908       0.242169E-02        2286
    270.000       0.747906E-01   0.194604E-02        1475
    290.000       0.463416E-01   0.153219E-02         914
    310.000       0.348833E-01   0.132949E-02         688
    330.000       0.249983E-01   0.112560E-02         493
    350.000       0.162256E-01   0.906899E-03         320
    370.000       0.132845E-01   0.820616E-03         262
    390.000       0.104954E-01   0.729414E-03         207
    10.0000        0.00000        0.00000               0
    30.0000       0.686695       0.586413E-02       13543
    50.0000        1.78007       0.934683E-02       35107
    70.0000        2.45099       0.108991E-01       48339
    90.0000        3.46499       0.128347E-01       68337
    110.000        4.43853       0.143898E-01       87537
    130.000        4.89629       0.150459E-01       96565
    150.000        4.85664       0.149907E-01       95783
    170.000        4.47558       0.144445E-01       88269
    190.000        3.94581       0.136329E-01       77820
    210.000        3.35499       0.126426E-01       66168
    230.000        2.82120       0.116524E-01       55641
    250.000        2.36251       0.107096E-01       46594
    270.000        1.93848       0.973952E-02       38231
    290.000        1.60944       0.890166E-02       31742
    310.000        1.30619       0.804184E-02       25761
    330.000        1.07950       0.732610E-02       21290
    350.000       0.866741       0.657730E-02       17094
    370.000       0.716201       0.598714E-02       14125
    390.000       0.591769       0.544841E-02       11671
    5.00000        0.00000        0.00000               0
    15.0000       0.130832E-01   0.115183E-02         129
    25.0000       0.391335       0.628841E-02        3859
    35.0000        1.15190       0.107517E-01       11359
    45.0000        1.92449       0.138482E-01       18978
    55.0000        2.67620       0.162743E-01       26390
    65.0000        3.49160       0.185188E-01       34431
    75.0000        4.52274       0.209755E-01       44599
    85.0000        5.83702       0.236815E-01       57559
    95.0000        7.15716       0.260583E-01       70577
    105.000        8.45040       0.281381E-01       83330
    115.000        9.23913       0.293087E-01       91108
    125.000        9.18198       0.292261E-01       90545
    135.000        8.15782       0.276862E-01       80445
    145.000        5.95370       0.239037E-01       58711
    155.000        3.32197       0.180776E-01       32758
    165.000        2.71594       0.163916E-01       26782
    175.000        2.50758       0.157655E-01       24727
    185.000        2.29792       0.151065E-01       22660
    195.000        2.11922       0.145191E-01       20898
    5.00000        0.00000        0.00000               0
    15.0000       0.982718E-01   0.315553E-02         969
    25.0000       0.928321       0.966199E-02        9154
    35.0000        1.78681       0.133521E-01       17620
    45.0000        2.62293       0.161153E-01       25865
    55.0000        3.59967       0.187939E-01       35496
    65.0000        4.77443       0.215257E-01       47081
    75.0000        6.54074       0.249847E-01       64499
    85.0000        8.49318       0.282035E-01       83752
    95.0000        9.99376       0.303690E-01       98550
    105.000        10.6453       0.312423E-01      104975
    115.000        10.7229       0.313440E-01      105740
    125.000        9.71924       0.299895E-01       95843
    135.000        7.95705       0.273700E-01       78464
    145.000        5.31611       0.226560E-01       52423
    155.000        2.74410       0.164742E-01       27060
    165.000        2.13252       0.145637E-01       21029
    175.000        1.77885       0.133230E-01       17541
    185.000        1.55762       0.124794E-01       15360
    195.000        1.31955       0.114989E-01       13012
    5.00000        0.00000        0.00000               0
    15.0000       0.357656       0.601253E-02        3527
    25.0000        1.65245       0.128483E-01       16295
    35.0000        2.40874       0.154586E-01       23753
    45.0000        3.08027       0.174269E-01       30375
    55.0000        3.93489       0.196189E-01       38802
    65.0000        4.95544       0.219114E-01       48866
    75.0000        6.01617       0.240219E-01       59326
    85.0000        6.74949       0.253546E-01       66558
    95.0000        7.10639       0.259720E-01       70077
    105.000        6.99319       0.257783E-01       68961
    115.000        6.55164       0.250042E-01       64606
    125.000        6.05166       0.240886E-01       59676
    135.000        5.46257       0.229501E-01       53867
    145.000        4.83582       0.216575E-01       47686
    155.000        4.26551       0.203947E-01       42063
    165.000        3.73824       0.191398E-01       36863
    175.000        3.30664       0.180372E-01       32607
    185.000        2.86561       0.168255E-01       28258
    195.000        2.52581       0.158214E-01       24907
    5.00000        0.00000        0.00000               0
    15.0000       0.111355       0.335883E-02        1098
    25.0000        1.31763       0.114906E-01       12993
    35.0000        2.91964       0.169791E-01       28791
    45.0000        4.46458       0.208456E-01       44026
    55.0000        6.02913       0.240462E-01       59453
    65.0000        7.66842       0.269066E-01       75619
    75.0000        9.67082       0.299221E-01       95365
    85.0000        11.5387       0.323819E-01      113784
    95.0000        12.4474       0.334791E-01      122745
    105.000        12.3311       0.333420E-01      121599
    115.000        11.5193       0.323579E-01      113593
    125.000        9.57740       0.297909E-01       94444
    135.000        6.98612       0.257663E-01       68890
    145.000        3.57920       0.187419E-01       35295
    155.000       0.617878       0.789360E-02        6093
    165.000       0.140951       0.377819E-02        1390
    175.000       0.885274E-01   0.299498E-02         873
    185.000       0.654088E-01   0.257470E-02         645
    195.000       0.526295E-01   0.230962E-02         519
    10.0000        0.00000        0.00000               0
    30.0000        0.00000        0.00000               0
    50.0000        4.23123       0.140783E-01       83449
    70.0000        10.8423       0.210345E-01      213833
    90.0000        10.5619       0.208257E-01      208303
    110.000        7.87195       0.185089E-01      155252
    130.000        5.48588       0.158331E-01      108194
    150.000        3.75375       0.133217E-01       74032
    170.000        2.52620       0.110573E-01       49822
    190.000        1.70061       0.914262E-02       33540
    210.000        1.15084       0.755932E-02       22697
    230.000       0.780689       0.624720E-02       15397
    250.000       0.527975       0.514932E-02       10413
    270.000       0.367452       0.430208E-02        7247
    290.000       0.260674       0.362703E-02        5141
    310.000       0.177618       0.299618E-02        3503
    330.000       0.125693       0.252160E-02        2479
    350.000       0.865547E-01   0.209330E-02        1707
    370.000       0.646465E-01   0.180940E-02        1275
    390.000       0.454839E-01   0.151803E-02         897
    10.0000        0.00000        0.00000               0
    30.0000        0.00000        0.00000               0
    50.0000        23.7688       0.262589E-01      468772
    70.0000        12.8264       0.223651E-01      252966
    90.0000        6.38429       0.169264E-01      125913
    110.000        3.37498       0.126779E-01       66562
    130.000        1.81990       0.944739E-02       35892
    150.000        1.02392       0.713858E-02       20194
    170.000       0.579292       0.539124E-02       11425
    190.000       0.348753       0.419196E-02        6878
    210.000       0.204037       0.321055E-02        4024
    230.000       0.132236       0.258629E-02        2608
    250.000       0.814305E-01   0.203046E-02        1606
    270.000       0.517164E-01   0.161854E-02        1020
    290.000       0.344789E-01   0.132179E-02         680
    310.000       0.227159E-01   0.107300E-02         448
    330.000       0.149071E-01   0.869283E-03         294
    350.000       0.943112E-02   0.691460E-03         186
    370.000       0.628823E-02   0.564662E-03         124
    390.000       0.451339E-02   0.493521E-03          84
    10.0000        0.00000        0.00000               0
    30.0000        0.00000        0.00000               0
    50.0000        14.0000       0.168317E-01      552221
    70.0000        11.8344       0.159495E-01      466799
    90.0000        8.47308       0.136533E-01      334216
    110.000        5.62347       0.115296E-01      221814
    130.000        3.65289       0.949469E-02      144086
    150.000        2.38884       0.779309E-02       94226
    170.000        1.55275       0.633565E-02       61247
    190.000        1.02468       0.516578E-02       40418
    210.000       0.677440       0.421208E-02       26721
    230.000       0.456463       0.346247E-02       18005
    250.000       0.304703       0.282749E-02       12019
    270.000       0.209584       0.234344E-02        8267
    290.000       0.147577       0.196085E-02        5821
    310.000       0.100167       0.161475E-02        3951
    330.000       0.702999E-01   0.135719E-02        2773
    350.000       0.479929E-01   0.111659E-02        1893
    370.000       0.354674E-01   0.960431E-03        1399
    390.000       0.248718E-01   0.800993E-03         981
    5.00000        0.00000        0.00000               0
    15.0000        0.00000        0.00000               0
    25.0000        0.00000        0.00000               0
    35.0000        22.7230       0.428139E-01      224075
    45.0000        18.7715       0.397738E-01      185109
    55.0000        14.5449       0.358031E-01      143428
    65.0000        11.0607       0.317800E-01      109070
    75.0000        8.26991       0.278606E-01       81550
    85.0000        6.21102       0.243853E-01       61247
    95.0000        4.58926       0.211226E-01       45255
    105.000        3.44530       0.183997E-01       33974
    115.000        2.59598       0.160344E-01       25599
    125.000        1.95009       0.139386E-01       19230
    135.000        1.48755       0.121995E-01       14669
    145.000        1.14600       0.107243E-01       11301
    155.000       0.898519       0.950697E-02        8860
    165.000       0.720307       0.851885E-02        7103
    175.000       0.557767       0.750196E-02        5500
    185.000       0.448230       0.672834E-02        4420
    195.000       0.353516       0.597794E-02        3486
    5.00000        0.00000        0.00000               0
    15.0000        0.00000        0.00000               0
    25.0000        0.00000        0.00000               0
    35.0000        22.7296       0.428184E-01      224139
    45.0000        18.7318       0.397403E-01      184717
    55.0000        14.4930       0.357489E-01      142917
    65.0000        11.0906       0.318185E-01      109365
    75.0000        8.26240       0.278490E-01       81476
    85.0000        6.23270       0.244250E-01       61461
    95.0000        4.66480       0.212881E-01       46000
    105.000        3.41082       0.183102E-01       33634
    115.000        2.56614       0.159441E-01       25305
    125.000        1.96318       0.139845E-01       19359
    135.000        1.47263       0.121389E-01       14522
    145.000        1.16883       0.108296E-01       11526
    155.000       0.908719       0.956013E-02        8961
    165.000       0.699950       0.839852E-02        6902
    175.000       0.561002       0.752352E-02        5532
    185.000       0.447515       0.672297E-02        4413
    195.000       0.365487       0.607797E-02        3604
    5.00000        0.00000        0.00000               0
    15.0000        0.00000        0.00000               0
    25.0000        0.00000        0.00000               0
    35.0000        22.7263       0.309970E-01      448214
    45.0000        18.7517       0.287040E-01      369826
    55.0000        14.5189       0.255841E-01      286345
    65.0000        11.0756       0.226096E-01      218435
    75.0000        8.26615       0.197535E-01      163026
    85.0000        6.22186       0.173181E-01      122708
    95.0000        4.62703       0.150778E-01       91255
    105.000        3.42806       0.130668E-01       67608
    115.000        2.58106       0.114014E-01       50904
    125.000        1.95663       0.996282E-02       38589
    135.000        1.48009       0.867501E-02       29191
    145.000        1.15741       0.767942E-02       22827
    155.000       0.903619       0.679768E-02       17821
    165.000       0.710128       0.603115E-02       14005
    175.000       0.559385       0.535530E-02       11032
    185.000       0.447873       0.479462E-02        8833
    195.000       0.359502       0.430012E-02        7090
    5.00000        1.67608       0.129384E-01       16528
    15.0000        4.43641       0.207827E-01       43748
    25.0000        6.58094       0.250563E-01       64896
    35.0000        8.28642       0.278861E-01       81713
    45.0000        9.68475       0.299414E-01       95503
    55.0000        11.0266       0.317366E-01      108734
    65.0000        12.2447       0.332395E-01      120746
    75.0000        12.0255       0.329770E-01      118584
    85.0000        10.2412       0.307048E-01      100989
    95.0000        7.86794       0.272279E-01       77587
    105.000        5.64914       0.233182E-01       55707
    115.000        3.91377       0.195680E-01       38594
    125.000        2.59274       0.160247E-01       25567
    135.000        1.65216       0.128473E-01       16292
    145.000        1.02606       0.101533E-01       10118
    155.000       0.655908       0.813149E-02        6468
    165.000       0.443854       0.669545E-02        4377
    175.000       0.313665       0.563196E-02        3093
    185.000       0.227473       0.479807E-02        2243
    195.000       0.178066       0.424587E-02        1756
    5.00000       0.592746       0.773234E-02        5845
    15.0000        1.84756       0.135735E-01       18219
    25.0000        3.27736       0.179597E-01       32318
    35.0000        4.66895       0.212972E-01       46041
    45.0000        5.86698       0.237389E-01       57855
    55.0000        6.65536       0.251888E-01       65629
    65.0000        7.05781       0.258893E-01       69597
    75.0000        7.26862       0.262463E-01       71677
    85.0000        7.30128       0.263011E-01       71999
    95.0000        7.11744       0.259909E-01       70186
    105.000        6.70018       0.252681E-01       66071
    115.000        6.13508       0.242443E-01       60499
    125.000        5.30367       0.226307E-01       52300
    135.000        4.45982       0.208351E-01       43979
    145.000        3.71166       0.190740E-01       36601
    155.000        3.13788       0.175846E-01       30943
    165.000        2.68783       0.163087E-01       26505
    175.000        2.34336       0.152520E-01       23108
    185.000        2.04327       0.142615E-01       20149
    195.000        1.75329       0.132285E-01       17289
    5.00000        1.40339       0.118540E-01       13839
    15.0000        3.98576       0.197405E-01       39304
    25.0000        5.58054       0.231836E-01       55031
    35.0000        6.49347       0.248996E-01       64033
    45.0000        7.07509       0.259187E-01       69768
    55.0000        7.43858       0.265296E-01       73353
    65.0000        7.86582       0.272247E-01       77565
    75.0000        8.71831       0.285435E-01       85972
    85.0000        8.63552       0.284190E-01       85155
    95.0000        7.88261       0.272515E-01       77731
    105.000        6.77786       0.254047E-01       66837
    115.000        5.61435       0.232500E-01       55364
    125.000        4.51482       0.209579E-01       44521
    135.000        3.49343       0.185235E-01       34449
    145.000        2.68428       0.162981E-01       26470
    155.000        2.12887       0.145515E-01       20993
    165.000        1.74079       0.131820E-01       17166
    175.000        1.45876       0.120825E-01       14385
    185.000        1.20797       0.110075E-01       11912
    195.000        1.01022       0.100753E-01        9962
    5.00000        0.00000        0.00000               0
    15.0000        0.00000        0.00000               0
    25.0000        0.00000        0.00000               0
    35.0000        0.00000        0.00000               0
    45.0000        15.6958       0.369705E-01      154777
    55.0000        15.9253       0.371951E-01      157041
    65.0000        14.9702       0.362430E-01      147623
    75.0000        13.1901       0.343336E-01      130069
    85.0000        10.8845       0.315536E-01      107333
    95.0000        8.55648       0.282997E-01       84376
    105.000        6.34546       0.246319E-01       62573
    115.000        4.58203       0.211066E-01       45184
    125.000        3.20370       0.177627E-01       31592
    135.000        2.20087       0.147907E-01       21703
    145.000        1.51888       0.123254E-01       14978
    155.000        1.05139       0.102765E-01       10368
    165.000       0.759536       0.874614E-02        7490
    175.000       0.546186       0.742395E-02        5386
    185.000       0.411009       0.644401E-02        4053
    195.000       0.319719       0.568559E-02        3153
   -2.85000       0.403941       0.261256E-01         239
   -2.55000        5.91041       0.100157            3497
   -2.25000        31.8694       0.233334           18856
   -1.95000        85.5420       0.383828           50613
   -1.65000        150.455       0.506873           89020
   -1.35000        208.929       0.590940          123616
   -1.05000        257.007       0.647720          152062
  -0.750000        294.373       0.685619          174170
  -0.450000        320.861       0.709356          189843
  -0.150000        336.510       0.722459          199102
   0.150000        335.208       0.721658          198330
   0.450000        322.011       0.711148          190523
   0.750000        292.814       0.683584          173248
    1.05000        256.294       0.646901          151640
    1.35000        209.134       0.591764          123738
    1.65000        150.462       0.506391           89023
    1.95000        84.3565       0.381467           49910
    2.25000        31.5414       0.232207           18662
    2.55000        5.88704       0.999354E-01        3483
    2.85000       0.390435       0.256860E-01         231
   -2.85000        0.00000        0.00000               0
   -2.55000        17.5555       0.172481           10387
   -2.25000        73.6183       0.353585           43558
   -1.95000        110.075       0.431694           65128
   -1.65000        153.340       0.506762           90726
   -1.35000        198.976       0.572995          117727
   -1.05000        241.561       0.624955          142923
  -0.750000        277.375       0.664657          164113
  -0.450000        302.823       0.689365          179171
  -0.150000        315.070       0.700997          186416
   0.150000        316.065       0.701741          187005
   0.450000        303.628       0.690323          179645
   0.750000        276.994       0.663579          163888
    1.05000        240.516       0.623988          142305
    1.35000        198.343       0.571466          117353
    1.65000        153.892       0.507775           91052
    1.95000        109.058       0.429012           64526
    2.25000        73.4375       0.353251           43450
    2.55000        17.6433       0.172852           10439
    2.85000        0.00000        0.00000               0
   -2.85000        0.00000        0.00000               0
   -2.55000        17.8313       0.244919            5275
   -2.25000        71.3446       0.486325           21106
   -1.95000        108.325       0.596200           32046
   -1.65000        152.795       0.703682           45202
   -1.35000        199.280       0.798353           58954
   -1.05000        242.211       0.874752           71654
  -0.750000        277.906       0.932148           82214
  -0.450000        303.000       0.969758           89637
  -0.150000        317.391       0.990415           93894
   0.150000        316.783       0.989557           93715
   0.450000        303.025       0.969791           89645
   0.750000        279.520       0.934630           82691
    1.05000        242.022       0.874434           71598
    1.35000        199.071       0.797948           58892
    1.65000        151.869       0.701645           44928
    1.95000        108.542       0.596778           32110
    2.25000        71.5768       0.487103           21175
    2.55000        17.4765       0.242480            5170
    2.85000        0.00000        0.00000               0
   -2.85000        0.00000        0.00000               0
   -2.55000        17.4051       0.241987            5149
   -2.25000        71.9288       0.488277           21279
   -1.95000        108.493       0.596647           32096
   -1.65000        151.686       0.701236           44874
   -1.35000        199.934       0.799588           59147
   -1.05000        243.502       0.876914           72036
  -0.750000        277.710       0.931851           82155
  -0.450000        304.410       0.971810           90054
  -0.150000        319.038       0.992738           94382
   0.150000        317.258       0.990217           93856
   0.450000        304.508       0.971948           90084
   0.750000        275.848       0.928972           81605
    1.05000        241.131       0.872935           71334
    1.35000        198.538       0.796950           58734
    1.65000        151.310       0.700409           44762
    1.95000        108.683       0.597156           32152
    2.25000        71.5744       0.487098           21174
    2.55000        17.0131       0.239259            5033
    2.85000        0.00000        0.00000               0
   -2.85000        0.00000        0.00000               0
   -2.55000        17.6182       0.172717           10424
   -2.25000        71.6367       0.349407           42385
   -1.95000        108.409       0.428337           64142
   -1.65000        152.240       0.505458           90076
   -1.35000        199.607       0.574125          118101
   -1.05000        242.856       0.626656          143690
  -0.750000        277.808       0.664954          164369
  -0.450000        303.705       0.690466          179691
  -0.150000        318.215       0.703987          188276
   0.150000        317.020       0.701647          187571
   0.450000        303.767       0.690171          179729
   0.750000        277.684       0.664829          164296
    1.05000        241.577       0.624900          142932
    1.35000        198.805       0.572393          117626
    1.65000        151.590       0.504079           89690
    1.95000        108.613       0.428325           64262
    2.25000        71.5756       0.349044           42349
    2.55000        17.2448       0.170914           10203
    2.85000        0.00000        0.00000               0
   -2.85000        0.00000        0.00000               0
   -2.55000       0.202562       0.268392E-01          57
   -2.25000        4.23214       0.119538            1252
   -1.95000        30.9733       0.322214            9163
   -1.65000        93.6429       0.555454           27703
   -1.35000        179.655       0.760142           53148
   -1.05000        262.769       0.908405           77736
  -0.750000        334.569        1.01428           98976
  -0.450000        382.679        1.07698          113209
  -0.150000        401.921        1.10052          118902
   0.150000        403.105        1.10195          119251
   0.450000        382.900        1.07725          113275
   0.750000        333.433        1.01273           98640
    1.05000        264.252       0.910776           78174
    1.35000        178.439       0.757700           52788
    1.65000        92.4974       0.552134           27364
    1.95000        30.3384       0.318924            8975
    2.25000        4.22900       0.119498            1251
    2.55000       0.175816       0.306268E-01          42
    2.85000        0.00000        0.00000               0
   -2.85000        0.00000        0.00000               0
   -2.55000       0.483401       0.404211E-01         143
   -2.25000        13.0749       0.209857            3868
   -1.95000        49.0844       0.404620           14521
   -1.65000        110.423       0.601768           32667
   -1.35000        185.977       0.772712           55018
   -1.05000        257.675       0.900219           76229
  -0.750000        320.539       0.994843           94826
  -0.450000        366.307        1.05629          108365
  -0.150000        387.115        1.08248          114522
   0.150000        387.853        1.08339          114740
   0.450000        365.321        1.05502          108074
   0.750000        321.383       0.996033           95075
    1.05000        258.485       0.901531           76468
    1.35000        184.030       0.768868           54442
    1.65000        110.633       0.602325           32729
    1.95000        48.3725       0.401718           14310
    2.25000        12.7476       0.207227            3771
    2.55000       0.466425       0.397019E-01         138
    2.85000        0.00000        0.00000               0
   0.587500        74.2085       0.651917           12806
   0.762500        98.4828       0.749549           16995
   0.937500        121.690       0.831650           21000
    1.11250        150.251       0.921980           25929
    1.28750        180.203        1.00727           31097
    1.46250        213.485        1.09338           36841
    1.63750        249.512        1.17857           43058
    1.81250        289.258        1.26483           49917
    1.98750        332.278        1.35081           57340
    2.16250        383.161        1.44441           66122
    2.33750        432.749        1.52863           74679
    2.51250        491.153        1.62046           84758
    2.68750        539.870        1.69185           93165
    2.86250        582.212        1.75053          100472
    3.03750        612.774        1.79113          105746
    3.21250        420.591        1.50856           72581
    3.38750        235.435        1.14616           40629
    3.56250        148.637       0.917140           25650
    3.73750        93.2910       0.729833           16099
    3.91250        58.6779       0.580412           10126
   0.100000        0.00000        0.00000               0
   0.300000        0.00000        0.00000               0
   0.500000        68.5316       0.585825           13516
   0.700000        97.4133       0.696606           19212
   0.900000        126.005       0.790189           24851
    1.10000        157.146       0.879913           30993
    1.30000        190.426       0.965627           37556
    1.50000        225.590        1.04756           44491
    1.70000        264.897        1.13096           52244
    1.90000        312.101        1.22211           61553
    2.10000        364.710        1.31446           71929
    2.30000        422.297        1.40657           83286
    2.50000        475.449        1.48471           93769
    2.70000        533.301        1.56347          105179
    2.90000        570.416        1.61098          112498
    3.10000        554.868        1.59135          109432
    3.30000        302.791        1.20482           59717
    3.50000        172.500       0.920579           34021
    3.70000        102.003       0.712530           20117
    3.90000        59.0703       0.544356           11650
   0.100000        0.00000        0.00000               0
   0.300000        0.00000        0.00000               0
   0.500000        171.745       0.918632           33872
   0.700000        245.445        1.09065           48407
   0.900000        291.381        1.18319           57466
    1.10000        311.317        1.22067           61398
    1.30000        308.612        1.21567           60865
    1.50000        301.712        1.20279           59504
    1.70000        290.402        1.18129           57274
    1.90000        287.854        1.17639           56771
    2.10000        298.514        1.19676           58874
    2.30000        328.786        1.25235           64844
    2.50000        372.236        1.32699           73413
    2.70000        423.242        1.40800           83473
    2.90000        483.286        1.49575           95315
    3.10000        487.726        1.50194           96190
    3.30000        218.536        1.03173           43100
    3.50000        109.897       0.739054           21674
    3.70000        62.7016       0.560656           12366
    3.90000        34.8950       0.419311            6882
   0.100000        0.00000        0.00000               0
   0.300000        0.00000        0.00000               0
   0.500000        108.058       0.732966           21311
   0.700000        181.213       0.942788           35739
   0.900000        256.278        1.11332           50543
    1.10000        319.600        1.23583           63032
    1.30000        356.824        1.30116           70374
    1.50000        375.614        1.33257           74079
    1.70000        382.252        1.34342           75389
    1.90000        380.850        1.34114           75112
    2.10000        379.032        1.33817           74753
    2.30000        381.570        1.34232           75254
    2.50000        389.174        1.35462           76754
    2.70000        394.956        1.36389           77894
    2.90000        402.557        1.37594           79393
    3.10000        377.646        1.33591           74480
    3.30000        174.254       0.925099           34367
    3.50000        89.7936       0.669279           17709
    3.70000        50.2740       0.502597            9915
    3.90000        30.6959       0.393418            6054
   0.100000        0.00000        0.00000               0
   0.300000        0.00000        0.00000               0
   0.500000        170.852       0.916318           33696
   0.700000        244.698        1.08906           48260
   0.900000        290.399        1.18130           57273
    1.10000        309.719        1.21772           61083
    1.30000        311.790        1.22154           61492
    1.50000        299.569        1.19875           59082
    1.70000        288.356        1.17736           56870
    1.90000        287.146        1.17502           56632
    2.10000        300.916        1.20130           59347
    2.30000        328.895        1.25256           64865
    2.50000        371.679        1.32608           73303
    2.70000        424.811        1.41040           83782
    2.90000        487.067        1.50104           96060
    3.10000        484.931        1.49805           95639
    3.30000        220.549        1.03628           43497
    3.50000        111.853       0.745465           22060
    3.70000        61.6655       0.556049           12162
    3.90000        34.6413       0.417791            6832
   0.100000        0.00000        0.00000               0
   0.300000        0.00000        0.00000               0
   0.500000        107.219       0.730164           21146
   0.700000        181.279       0.942948           35752
   0.900000        257.684        1.11621           50821
    1.10000        317.619        1.23222           62641
    1.30000        359.393        1.30551           70880
    1.50000        375.632        1.33259           74083
    1.70000        385.146        1.34813           75959
    1.90000        380.592        1.34072           75062
    2.10000        381.761        1.34263           75292
    2.30000        382.526        1.34386           75443
    2.50000        386.320        1.35003           76191
    2.70000        395.072        1.36407           77916
    2.90000        401.869        1.37485           79257
    3.10000        375.984        1.33318           74152
    3.30000        171.744       0.918624           33872
    3.50000        90.2836       0.671067           17806
    3.70000        50.7357       0.504879           10006
    3.90000        29.5810       0.386249            5834
    3.02500        0.00000        0.00000               0
    3.07500        0.00000        0.00000               0
    3.12500        3033.44        7.28860          149566
    3.17500        4797.22        8.73446          236528
    3.22500        2593.89        6.81667          127893
    3.27500        1871.23        5.89539           92262
    3.32500        1464.48        5.26731           72207
    3.37500        1152.55        4.70775           56827
    3.42500        940.001        4.27296           46347
    3.47500        781.936        3.91161           38554
    3.52500        634.493        3.53568           31284
    3.57500        526.373        3.22843           25953
    3.62500        429.665        2.92329           21185
    3.67500        358.501        2.67463           17676
    3.72500        294.002        2.42566           14496
    3.77500        246.178        2.22205           12138
    3.82500        202.469        2.01714            9983
    3.87500        170.770        1.85387            8420
    3.92500        140.169        1.68075            6911
    3.97500        114.699        1.52130            5655
   -2.85000        0.00000        0.00000               0
   -2.55000       0.436077       0.383918E-01         129
   -2.25000        13.1086       0.210127            3878
   -1.95000        50.0782       0.408636           14815
   -1.65000        110.552       0.602112           32705
   -1.35000        185.356       0.771490           54834
   -1.05000        258.692       0.901863           76530
  -0.750000        321.283       0.995895           95046
  -0.450000        367.081        1.05728          108595
  -0.150000        385.692        1.08072          114100
   0.150000        385.361        1.08031          114003
   0.450000        363.675        1.05289          107587
   0.750000        322.930       0.998206           95533
    1.05000        257.727       0.900309           76244
    1.35000        185.423       0.771621           54854
    1.65000        109.693       0.599841           32451
    1.95000        49.2134       0.405145           14559
    2.25000        13.2544       0.211290            3921
    2.55000       0.412388       0.373335E-01         122
    2.85000        0.00000        0.00000               0
    5.00000        0.00000        0.00000               0
    15.0000        0.00000        0.00000               0
    25.0000        0.00000        0.00000               0
    35.0000        5.51998       0.230643E-01       54433
    45.0000        13.1416       0.342785E-01      129592
    55.0000        15.1333       0.364084E-01      149232
    65.0000        13.9965       0.352215E-01      138020
    75.0000        11.6691       0.325431E-01      115070
    85.0000        9.31666       0.294204E-01       91872
    95.0000        7.20957       0.261469E-01       71094
    105.000        5.47786       0.229806E-01       54017
    115.000        4.20322       0.202513E-01       41448
    125.000        3.23259       0.178402E-01       31877
    135.000        2.47464       0.156637E-01       24403
    145.000        1.96508       0.139910E-01       19378
    155.000        1.53455       0.123882E-01       15132
    165.000        1.22291       0.110747E-01       12059
    175.000       0.963106       0.983975E-02        9497
    185.000       0.776284       0.884143E-02        7655
    195.000       0.633411       0.799167E-02        6246
    5.00000        0.00000        0.00000               0
    15.0000        0.00000        0.00000               0
    25.0000        0.00000        0.00000               0
    35.0000        39.9326       0.509322E-01      393781
    45.0000        24.3617       0.439176E-01      240234
    55.0000        13.9046       0.351222E-01      137113
    65.0000        8.15480       0.276815E-01       80415
    75.0000        4.86323       0.217160E-01       47956
    85.0000        3.12706       0.175552E-01       30836
    95.0000        2.04449       0.142657E-01       20161
    105.000        1.37825       0.117487E-01       13591
    115.000       0.958902       0.981826E-02        9456
    125.000       0.680679       0.828279E-02        6712
    135.000       0.485543       0.700160E-02        4788
    145.000       0.349747       0.594593E-02        3449
    155.000       0.272686       0.525210E-02        2689
    165.000       0.197349       0.446966E-02        1946
    175.000       0.155664       0.397032E-02        1535
    185.000       0.119461       0.347871E-02        1178
    195.000       0.855924E-01   0.294505E-02         844
   -2.85000        0.00000        0.00000               0
   -2.55000        15.7046       0.229913            4646
   -2.25000        66.1926       0.468770           19582
   -1.95000        104.089       0.584770           30793
   -1.65000        149.648       0.696711           44271
   -1.35000        200.306       0.800288           59257
   -1.05000        245.552       0.880339           72642
  -0.750000        280.338       0.935889           82933
  -0.450000        307.252       0.975924           90895
  -0.150000        321.762       0.996567           95188
   0.150000        320.318       0.994537           94761
   0.450000        307.591       0.976414           90996
   0.750000        280.860       0.936689           83087
    1.05000        244.087       0.877891           72209
    1.35000        199.531       0.798824           59028
    1.65000        149.872       0.697214           44337
    1.95000        104.682       0.586388           30968
    2.25000        66.9095       0.471259           19794
    2.55000        15.2760       0.226771            4519
    2.85000        0.00000        0.00000               0
   -2.85000        0.00000        0.00000               0
   -2.55000        19.5318       0.256273            5778
   -2.25000        77.0807       0.505100           22803
   -1.95000        112.729       0.607827           33349
   -1.65000        154.833       0.708159           45805
   -1.35000        198.908       0.797645           58844
   -1.05000        240.161       0.871299           71048
  -0.750000        275.278       0.928087           81436
  -0.450000        300.158       0.965597           88796
  -0.150000        314.667       0.986554           93088
   0.150000        313.723       0.985207           92810
   0.450000        299.942       0.965282           88733
   0.750000        274.508       0.926887           81209
    1.05000        239.066       0.869453           70723
    1.35000        198.078       0.796073           58598
    1.65000        153.307       0.704817           45353
    1.95000        112.544       0.607341           33294
    2.25000        76.2418       0.502405           22555
    2.55000        19.2136       0.254183            5684
    2.85000        0.00000        0.00000               0
