   0.500000        960.451       0.280541          999902
    330.000       0.814854E-01   0.113947E-02        5090
    390.000        2.70823       0.605365E-02      169168
    450.000        3.16133       0.643951E-02      197471
    510.000        2.57912       0.593328E-02      161104
    570.000        1.94371       0.525933E-02      121413
    630.000        1.43296       0.458929E-02       89509
    690.000        1.04702       0.396974E-02       65402
    750.000       0.763461       0.341893E-02       47689
    810.000       0.563665       0.295517E-02       35209
    870.000       0.417103       0.255308E-02       26054
    930.000       0.311296       0.221242E-02       19445
    990.000       0.230031       0.190633E-02       14369
    1050.00       0.174883       0.166485E-02       10924
    1110.00       0.131565       0.144581E-02        8218
    1170.00       0.101853       0.127323E-02        6362
    1230.00       0.788600E-01   0.112105E-02        4926
    1290.00       0.591235E-01   0.971253E-03        3693
    1350.00       0.464894E-01   0.861539E-03        2904
    1410.00       0.371562E-01   0.770421E-03        2321
    1470.00       0.283046E-01   0.672608E-03        1768
    10.0000       0.778132       0.606765E-02       32404
    30.0000        2.23470       0.101369E-01       93060
    50.0000        3.51732       0.125542E-01      146472
    70.0000        4.41601       0.139373E-01      183896
    90.0000        4.81742       0.144960E-01      200612
    110.000        4.61988       0.142251E-01      192386
    130.000        4.22709       0.136626E-01      176028
    150.000        3.83764       0.130705E-01      159810
    170.000        3.38752       0.123367E-01      141066
    190.000        2.91082       0.114911E-01      121216
    210.000        2.44614       0.105833E-01      101864
    230.000        2.05494       0.973801E-02       85574
    250.000        1.69825       0.888388E-02       70720
    270.000        1.38774       0.805523E-02       57790
    290.000        1.11393       0.723622E-02       46388
    310.000       0.893700       0.649547E-02       37216
    330.000       0.724691       0.585871E-02       30178
    350.000       0.585162       0.527161E-02       24368
    370.000       0.463456       0.469692E-02       19300
    390.000       0.377882       0.424474E-02       15736
    10.0000        2.13881       0.992648E-02       44533
    30.0000        4.32672       0.138083E-01       90089
    50.0000        5.31055       0.151409E-01      110574
    70.0000        6.13530       0.161315E-01      127746
    90.0000        7.39650       0.174695E-01      154006
    110.000        8.51371       0.185089E-01      177268
    130.000        7.93775       0.179885E-01      165276
    150.000        3.49349       0.125146E-01       72740
    170.000        1.22901       0.759233E-02       25590
    190.000       0.594494       0.531307E-02       12378
    210.000       0.330047       0.396882E-02        6872
    230.000       0.205939       0.313874E-02        4288
    250.000       0.128043       0.247681E-02        2666
    270.000       0.820797E-01   0.198392E-02        1709
    290.000       0.548938E-01   0.162282E-02        1143
    310.000       0.409214E-01   0.140139E-02         852
    330.000       0.270874E-01   0.114029E-02         564
    350.000       0.177223E-01   0.922418E-03         369
    370.000       0.135429E-01   0.806360E-03         282
    390.000       0.100384E-01   0.694303E-03         209
    10.0000        0.00000        0.00000               0
    30.0000       0.603320       0.535186E-02       12562
    50.0000        1.71278       0.892045E-02       35663
    70.0000        2.36107       0.104065E-01       49161
    90.0000        3.23578       0.120758E-01       67374
    110.000        4.02325       0.133573E-01       83770
    130.000        4.44550       0.139794E-01       92562
    150.000        4.43606       0.139659E-01       92366
    170.000        4.12029       0.135038E-01       85790
    190.000        3.70584       0.128615E-01       77161
    210.000        3.19628       0.120068E-01       66551
    230.000        2.70904       0.111082E-01       56406
    250.000        2.26515       0.102026E-01       47164
    270.000        1.88936       0.935276E-02       39339
    290.000        1.55412       0.851057E-02       32359
    310.000        1.29442       0.778674E-02       26952
    330.000        1.06136       0.706703E-02       22099
    350.000       0.875291       0.642932E-02       18225
    370.000       0.721513       0.584596E-02       15023
    390.000       0.611440       0.538735E-02       12731
    5.00000        0.00000        0.00000               0
    15.0000       0.108535E-01   0.102095E-02         113
    25.0000       0.320158       0.553709E-02        3333
    35.0000       0.926148       0.939010E-02        9642
    45.0000        1.56097       0.121534E-01       16251
    55.0000        2.25899       0.145710E-01       23518
    65.0000        2.94715       0.165873E-01       30682
    75.0000        3.88299       0.189521E-01       40425
    85.0000        4.95537       0.212960E-01       51589
    95.0000        6.27513       0.238060E-01       65329
    105.000        7.44422       0.257748E-01       77500
    115.000        8.33195       0.271442E-01       86742
    125.000        8.58187       0.275126E-01       89344
    135.000        8.14428       0.268628E-01       84788
    145.000        6.63316       0.244313E-01       69056
    155.000        4.25934       0.198122E-01       44343
    165.000        2.66988       0.158092E-01       27795
    175.000        2.39398       0.149902E-01       24923
    185.000        2.21896       0.144442E-01       23101
    195.000        2.06529       0.139456E-01       21501
    5.00000        0.00000        0.00000               0
    15.0000       0.832856E-01   0.282739E-02         867
    25.0000       0.822027       0.885097E-02        8558
    35.0000        1.55744       0.121400E-01       16214
    45.0000        2.27141       0.146102E-01       23647
    55.0000        3.17152       0.171880E-01       33018
    65.0000        4.17656       0.196269E-01       43481
    75.0000        5.71290       0.227790E-01       59476
    85.0000        7.46248       0.258040E-01       77690
    95.0000        8.89957       0.279711E-01       92651
    105.000        9.75682       0.291564E-01      101576
    115.000        9.94972       0.294132E-01      103584
    125.000        9.35552       0.286106E-01       97398
    135.000        8.09434       0.267873E-01       84268
    145.000        6.09630       0.234856E-01       63467
    155.000        3.52838       0.180977E-01       36733
    165.000        2.07716       0.139846E-01       21625
    175.000        1.75705       0.128821E-01       18292
    185.000        1.48470       0.118571E-01       15457
    195.000        1.29907       0.111013E-01       13524
    5.00000        0.00000        0.00000               0
    15.0000       0.327173       0.559724E-02        3406
    25.0000        1.53925       0.120698E-01       16025
    35.0000        2.22927       0.144771E-01       23208
    45.0000        2.85675       0.163382E-01       29741
    55.0000        3.62847       0.183434E-01       37775
    65.0000        4.60651       0.205682E-01       47957
    75.0000        5.59782       0.225616E-01       58277
    85.0000        6.25526       0.237706E-01       65122
    95.0000        6.57511       0.243313E-01       68452
    105.000        6.52040       0.242366E-01       67882
    115.000        6.22363       0.237140E-01       64793
    125.000        5.75885       0.228653E-01       59954
    135.000        5.17000       0.217288E-01       53824
    145.000        4.65066       0.206620E-01       48417
    155.000        4.10598       0.194672E-01       42746
    165.000        3.63871       0.183683E-01       37882
    175.000        3.18222       0.172163E-01       33129
    185.000        2.75886       0.160634E-01       28722
    195.000        2.38954       0.149766E-01       24877
    5.00000        0.00000        0.00000               0
    15.0000       0.941391E-01   0.300580E-02         980
    25.0000        1.14122       0.104128E-01       11881
    35.0000        2.46909       0.152180E-01       25705
    45.0000        3.76313       0.186682E-01       39177
    55.0000        5.22774       0.218435E-01       54425
    65.0000        6.62431       0.244161E-01       68964
    75.0000        8.44489       0.273116E-01       87918
    85.0000        10.1269       0.296462E-01      105428
    95.0000        11.2663       0.310815E-01      117291
    105.000        11.4524       0.313059E-01      119228
    115.000        10.9252       0.306627E-01      113739
    125.000        9.55115       0.288784E-01       99435
    135.000        7.57789       0.259876E-01       78891
    145.000        4.86844       0.211175E-01       50684
    155.000        1.78218       0.129721E-01       18554
    165.000       0.221596       0.460868E-02        2307
    175.000       0.102493       0.313618E-02        1067
    185.000       0.703137E-01   0.259798E-02         732
    195.000       0.535054E-01   0.226650E-02         557
    10.0000        0.00000        0.00000               0
    30.0000        0.00000        0.00000               0
    50.0000        3.45077       0.124434E-01       71850
    70.0000        9.55274       0.193729E-01      198903
    90.0000        9.97231       0.196968E-01      207639
    110.000        7.69162       0.177562E-01      160151
    130.000        5.40786       0.152633E-01      112599
    150.000        3.70151       0.128545E-01       77071
    170.000        2.54973       0.107939E-01       53089
    190.000        1.73298       0.897117E-02       36083
    210.000        1.19526       0.748984E-02       24887
    230.000       0.815733       0.621029E-02       16985
    250.000       0.564942       0.518076E-02       11763
    270.000       0.387047       0.429549E-02        8059
    290.000       0.275490       0.362788E-02        5736
    310.000       0.194844       0.305334E-02        4057
    330.000       0.134809       0.254118E-02        2807
    350.000       0.999947E-01   0.218937E-02        2082
    370.000       0.742511E-01   0.188706E-02        1546
    390.000       0.547032E-01   0.162002E-02        1139
    10.0000        0.00000        0.00000               0
    30.0000        0.00000        0.00000               0
    50.0000        21.5480       0.247009E-01      448661
    70.0000        12.3979       0.213265E-01      258143
    90.0000        6.22291       0.162308E-01      129571
    110.000        3.34695       0.122677E-01       69688
    130.000        1.84919       0.925646E-02       38503
    150.000        1.03941       0.699505E-02       21642
    170.000       0.605872       0.536306E-02       12615
    190.000       0.365100       0.417282E-02        7602
    210.000       0.227072       0.329517E-02        4728
    230.000       0.142494       0.261243E-02        2967
    250.000       0.911535E-01   0.209048E-02        1898
    270.000       0.591684E-01   0.168476E-02        1232
    290.000       0.412097E-01   0.140631E-02         858
    310.000       0.264141E-01   0.112601E-02         550
    330.000       0.188258E-01   0.950664E-03         392
    350.000       0.111891E-01   0.732938E-03         233
    370.000       0.859783E-02   0.642575E-03         179
    390.000       0.648323E-02   0.557950E-03         135
    10.0000        0.00000        0.00000               0
    30.0000        0.00000        0.00000               0
    50.0000        12.4994       0.154951E-01      520511
    70.0000        10.9753       0.150735E-01      457046
    90.0000        8.09761       0.129739E-01      337210
    110.000        5.51929       0.110455E-01      229839
    130.000        3.62853       0.917624E-02      151102
    150.000        2.37046       0.752355E-02       98713
    170.000        1.57780       0.619350E-02       65704
    190.000        1.04904       0.508378E-02       43685
    210.000       0.711165       0.418807E-02       29615
    230.000       0.479113       0.344852E-02       19952
    250.000       0.328048       0.285548E-02       13661
    270.000       0.223108       0.235916E-02        9291
    290.000       0.158350       0.198319E-02        6594
    310.000       0.110629       0.165980E-02        4607
    330.000       0.768172E-01   0.137809E-02        3199
    350.000       0.555919E-01   0.117006E-02        2315
    370.000       0.414244E-01   0.101153E-02        1725
    390.000       0.305932E-01   0.868643E-03        1274
    5.00000        0.00000        0.00000               0
    15.0000        0.00000        0.00000               0
    25.0000        0.00000        0.00000               0
    35.0000        20.9007       0.400996E-01      217592
    45.0000        17.4449       0.373797E-01      181615
    55.0000        13.6879       0.338137E-01      142501
    65.0000        10.5158       0.301484E-01      109477
    75.0000        7.91980       0.265208E-01       82451
    85.0000        5.99850       0.233080E-01       62449
    95.0000        4.48484       0.203071E-01       46691
    105.000        3.35798       0.176700E-01       34959
    115.000        2.56013       0.154890E-01       26653
    125.000        1.93703       0.135139E-01       20166
    135.000        1.49952       0.119154E-01       15611
    145.000        1.14422       0.104263E-01       11912
    155.000       0.906834       0.929253E-02        9441
    165.000       0.697751       0.815947E-02        7264
    175.000       0.554427       0.727825E-02        5772
    185.000       0.439646       0.648484E-02        4577
    195.000       0.348297       0.577443E-02        3626
    5.00000        0.00000        0.00000               0
    15.0000        0.00000        0.00000               0
    25.0000        0.00000        0.00000               0
    35.0000        20.9289       0.401200E-01      217885
    45.0000        17.3709       0.373162E-01      180844
    55.0000        13.7289       0.338567E-01      142928
    65.0000        10.5087       0.301393E-01      109403
    75.0000        7.96010       0.265822E-01       82871
    85.0000        5.97892       0.232720E-01       62245
    95.0000        4.52567       0.203952E-01       47116
    105.000        3.38121       0.177291E-01       35201
    115.000        2.54890       0.154558E-01       26536
    125.000        1.94223       0.135317E-01       20220
    135.000        1.49075       0.118810E-01       15520
    145.000        1.13469       0.103833E-01       11813
    155.000       0.879852       0.915445E-02        9160
    165.000       0.700815       0.817721E-02        7296
    175.000       0.566819       0.735875E-02        5901
    185.000       0.445688       0.652901E-02        4640
    195.000       0.350603       0.579347E-02        3650
    5.00000        0.00000        0.00000               0
    15.0000        0.00000        0.00000               0
    25.0000        0.00000        0.00000               0
    35.0000        20.9148       0.289717E-01      435477
    45.0000        17.4079       0.269272E-01      362459
    55.0000        13.7084       0.241898E-01      285429
    65.0000        10.5122       0.214173E-01      218880
    75.0000        7.93995       0.188297E-01      165322
    85.0000        5.98871       0.165145E-01      124694
    95.0000        4.50525       0.144614E-01       93807
    105.000        3.36960       0.125837E-01       70160
    115.000        2.55452       0.110226E-01       53189
    125.000        1.93963       0.963083E-02       40386
    135.000        1.49514       0.848820E-02       31131
    145.000        1.13945       0.742453E-02       23725
    155.000       0.893343       0.656478E-02       18601
    165.000       0.699283       0.583333E-02       14560
    175.000       0.560623       0.521849E-02       11673
    185.000       0.442667       0.463883E-02        9217
    195.000       0.349450       0.412070E-02        7276
    5.00000        1.48634       0.118636E-01       15474
    15.0000        4.03476       0.193044E-01       42005
    25.0000        5.95047       0.232201E-01       61949
    35.0000        7.55212       0.259467E-01       78623
    45.0000        8.94436       0.280347E-01       93117
    55.0000        10.1218       0.296395E-01      105376
    65.0000        11.3840       0.312236E-01      118516
    75.0000        11.2712       0.310873E-01      117342
    85.0000        9.84280       0.292713E-01      102471
    95.0000        7.74007       0.262423E-01       80580
    105.000        5.63389       0.226300E-01       58653
    115.000        3.98287       0.191846E-01       41465
    125.000        2.67178       0.158147E-01       27815
    135.000        1.73542       0.128039E-01       18067
    145.000        1.10050       0.102274E-01       11457
    155.000       0.696002       0.814919E-02        7246
    165.000       0.477579       0.675751E-02        4972
    175.000       0.327165       0.559707E-02        3406
    185.000       0.235718       0.475294E-02        2454
    195.000       0.170118       0.403912E-02        1771
    5.00000       0.508326       0.697068E-02        5292
    15.0000        1.62582       0.123994E-01       16926
    25.0000        2.88854       0.164262E-01       30072
    35.0000        4.14495       0.195556E-01       43152
    45.0000        5.28520       0.219569E-01       55023
    55.0000        6.07411       0.234455E-01       63236
    65.0000        6.59362       0.243632E-01       68645
    75.0000        6.77351       0.246708E-01       70517
    85.0000        6.91974       0.249171E-01       72040
    95.0000        6.72992       0.245967E-01       70063
    105.000        6.34125       0.239231E-01       66017
    115.000        5.87115       0.230741E-01       61123
    125.000        5.21279       0.218139E-01       54269
    135.000        4.42103       0.201687E-01       46026
    145.000        3.62108       0.183254E-01       37698
    155.000        3.05559       0.168807E-01       31811
    165.000        2.64542       0.157385E-01       27541
    175.000        2.25317       0.145528E-01       23457
    185.000        1.96517       0.136098E-01       20459
    195.000        1.70046       0.126764E-01       17703
    5.00000        1.26637       0.109622E-01       13184
    15.0000        3.60608       0.182888E-01       37542
    25.0000        5.17481       0.217384E-01       53874
    35.0000        6.04205       0.233872E-01       62902
    45.0000        6.58714       0.243521E-01       68577
    55.0000        6.91258       0.249051E-01       71965
    65.0000        7.30720       0.255545E-01       76074
    75.0000        8.02855       0.266871E-01       83583
    85.0000        8.02149       0.266765E-01       83510
    95.0000        7.42564       0.257452E-01       77306
    105.000        6.45364       0.241205E-01       67187
    115.000        5.41234       0.222050E-01       56347
    125.000        4.42185       0.201703E-01       46035
    135.000        3.44710       0.178951E-01       35887
    145.000        2.72911       0.159790E-01       28412
    155.000        2.12455       0.141401E-01       22118
    165.000        1.71459       0.127281E-01       17850
    175.000        1.41374       0.115744E-01       14718
    185.000        1.18907       0.106264E-01       12379
    195.000       0.999940       0.975371E-02       10410
    5.00000        0.00000        0.00000               0
    15.0000        0.00000        0.00000               0
    25.0000        0.00000        0.00000               0
    35.0000        0.00000        0.00000               0
    45.0000        14.4120       0.345589E-01      150040
    55.0000        14.6312       0.347787E-01      152322
    65.0000        13.8133       0.339451E-01      143807
    75.0000        12.2720       0.322645E-01      127761
    85.0000        10.3218       0.298996E-01      107458
    95.0000        8.18998       0.269317E-01       85264
    105.000        6.23337       0.237317E-01       64894
    115.000        4.56116       0.204715E-01       47485
    125.000        3.27036       0.174455E-01       34047
    135.000        2.31253       0.147389E-01       24075
    145.000        1.54781       0.121028E-01       16114
    155.000        1.07042       0.100880E-01       11144
    165.000       0.788319       0.866896E-02        8207
    175.000       0.568266       0.736812E-02        5916
    185.000       0.434649       0.644799E-02        4525
    195.000       0.328596       0.560922E-02        3421
   -2.85000       0.416282       0.258135E-01         260
   -2.55000        5.44798       0.933820E-01        3403
   -2.25000        28.8900       0.216116           18046
   -1.95000        78.7141       0.358276           49168
   -1.65000        140.756       0.477024           87922
   -1.35000        197.152       0.558702          123150
   -1.05000        244.481       0.614564          152713
  -0.750000        279.150       0.649749          174370
  -0.450000        304.867       0.672737          190434
  -0.150000        319.085       0.685173          199316
   0.150000        319.940       0.686360          199849
   0.450000        305.887       0.674328          191071
   0.750000        280.092       0.649928          174959
    1.05000        244.121       0.614172          152488
    1.35000        197.980       0.559815          123667
    1.65000        140.808       0.476855           87955
    1.95000        79.2014       0.359671           49473
    2.25000        28.8803       0.216353           18040
    2.55000        5.24952       0.917319E-01        3279
    2.85000       0.380988       0.246928E-01         238
   -2.85000        0.00000        0.00000               0
   -2.55000        16.8016       0.164233           10495
   -2.25000        69.2265       0.333838           43242
   -1.95000        103.760       0.407629           64813
   -1.65000        144.536       0.478489           90283
   -1.35000        187.650       0.541280          117214
   -1.05000        227.953       0.591225          142390
  -0.750000        263.611       0.629244          164663
  -0.450000        287.228       0.652508          179416
  -0.150000        299.008       0.664409          186774
   0.150000        299.813       0.664644          187277
   0.450000        286.841       0.652023          179174
   0.750000        262.742       0.629028          164120
    1.05000        229.055       0.592600          143078
    1.35000        187.453       0.540786          117092
    1.65000        144.968       0.479716           90553
    1.95000        103.991       0.408122           64958
    2.25000        70.1067       0.335859           43792
    2.55000        16.7617       0.164137           10470
    2.85000        0.00000        0.00000               0
   -2.85000        0.00000        0.00000               0
   -2.55000        16.0446       0.226134            5011
   -2.25000        67.2355       0.459495           20999
   -1.95000        103.118       0.566068           32206
   -1.65000        142.549       0.661682           44521
   -1.35000        187.537       0.753837           58572
   -1.05000        228.452       0.826866           71351
  -0.750000        263.641       0.883473           82341
  -0.450000        289.925       0.922707           90550
  -0.150000        300.137       0.937318           93740
   0.150000        303.219       0.941666           94702
   0.450000        290.337       0.923301           90679
   0.750000        263.357       0.883044           82252
    1.05000        230.000       0.829467           71834
    1.35000        187.140       0.753091           58448
    1.65000        143.462       0.663707           44806
    1.95000        101.581       0.561959           31726
    2.25000        67.6415       0.460855           21126
    2.55000        16.1307       0.226734            5038
    2.85000        0.00000        0.00000               0
   -2.85000        0.00000        0.00000               0
   -2.55000        15.9742       0.225639            4989
   -2.25000        67.7063       0.461073           21146
   -1.95000        102.085       0.563313           31883
   -1.65000        144.204       0.665347           45038
   -1.35000        187.991       0.754703           58714
   -1.05000        230.316       0.829997           71933
  -0.750000        262.670       0.881984           82038
  -0.450000        286.376       0.917541           89442
  -0.150000        301.721       0.939559           94234
   0.150000        301.771       0.939626           94250
   0.450000        288.464       0.920582           90094
   0.750000        265.247       0.885941           82843
    1.05000        229.395       0.828453           71645
    1.35000        187.768       0.754278           58644
    1.65000        144.178       0.665293           45030
    1.95000        102.291       0.563862           31948
    2.25000        67.1354       0.459160           20968
    2.55000        16.2110       0.227297            5063
    2.85000        0.00000        0.00000               0
   -2.85000        0.00000        0.00000               0
   -2.55000        16.0094       0.160609           10000
   -2.25000        67.4709       0.329608           42145
   -1.95000        102.601       0.405570           64089
   -1.65000        143.376       0.476545           89559
   -1.35000        187.764       0.541182          117286
   -1.05000        229.384       0.592748          143284
  -0.750000        263.156       0.629240          164379
  -0.450000        288.150       0.653929          179992
  -0.150000        300.929       0.666273          187974
   0.150000        302.495       0.666991          188952
   0.450000        289.401       0.655401          180773
   0.750000        264.302       0.631149          165095
    1.05000        229.697       0.593048          143479
    1.35000        187.454       0.540652          117092
    1.65000        143.820       0.477692           89836
    1.95000        101.936       0.404012           63674
    2.25000        67.3884       0.329640           42094
    2.55000        16.1708       0.161188           10101
    2.85000        0.00000        0.00000               0
   -2.85000        0.00000        0.00000               0
   -2.55000       0.134449       0.207454E-01          42
   -2.25000        3.84869       0.110948            1202
   -1.95000        27.7024       0.296639            8652
   -1.65000        85.6715       0.517289           26757
   -1.35000        167.823       0.715241           52415
   -1.05000        249.973       0.862087           78072
  -0.750000        317.655       0.961642           99211
  -0.450000        361.621        1.01892          112942
  -0.150000        385.394        1.04788          120367
   0.150000        384.912        1.04732          120217
   0.450000        362.053        1.01946          113078
   0.750000        317.764       0.961787           99245
    1.05000        251.389       0.864343           78514
    1.35000        168.404       0.716415           52596
    1.65000        85.3759       0.516416           26665
    1.95000        27.9647       0.298029            8734
    2.25000        3.70132       0.108803            1156
    2.55000       0.136987       0.228980E-01          37
    2.85000        0.00000        0.00000               0
   -2.85000        0.00000        0.00000               0
   -2.55000       0.467429       0.386818E-01         146
   -2.25000        12.2149       0.197415            3815
   -1.95000        45.8730       0.380725           14327
   -1.65000        101.982       0.563039           31851
   -1.35000        173.692       0.726997           54248
   -1.05000        245.061       0.854223           76538
  -0.750000        305.083       0.944279           95284
  -0.450000        346.179       0.999378          108119
  -0.150000        369.598        1.02880          115434
   0.150000        367.404        1.02609          114749
   0.450000        347.125        1.00059          108415
   0.750000        305.328       0.944622           95361
    1.05000        246.087       0.855877           76858
    1.35000        173.712       0.727033           54254
    1.65000        102.912       0.565518           32142
    1.95000        45.9396       0.380995           14348
    2.25000        12.3715       0.198671            3864
    2.55000       0.477054       0.390789E-01         149
    2.85000        0.00000        0.00000               0
   0.587500        76.5033       0.643858           13938
   0.762500        100.213       0.735424           18258
   0.937500        124.570       0.818256           22695
    1.11250        153.603       0.906365           27985
    1.28750        183.553       0.988264           33441
    1.46250        210.396        1.05561           38332
    1.63750        243.688        1.13279           44397
    1.81250        281.379        1.21326           51264
    1.98750        322.442        1.29410           58745
    2.16250        365.519        1.37260           66593
    2.33750        408.371        1.44530           74400
    2.51250        454.948        1.51913           82886
    2.68750        496.419        1.58090           90442
    2.86250        535.496        1.63612           97561
    3.03750        561.145        1.67092          102234
    3.21250        392.047        1.41818           71426
    3.38750        219.740        1.07793           40034
    3.56250        137.341       0.858243           25022
    3.73750        85.3897       0.679717           15557
    3.91250        54.5428       0.544659            9937
   0.100000        0.00000        0.00000               0
   0.300000        0.00000        0.00000               0
   0.500000        66.1235       0.559971           13768
   0.700000        92.2419       0.659719           19206
   0.900000        120.207       0.751062           25029
    1.10000        149.817       0.836057           31194
    1.30000        182.086       0.918784           37913
    1.50000        217.149       0.999884           45213
    1.70000        253.094        1.07560           52698
    1.90000        298.105        1.16207           62070
    2.10000        347.240        1.24794           72301
    2.30000        398.809        1.33036           83038
    2.50000        452.942        1.40984           94309
    2.70000        499.368        1.47316          103976
    2.90000        539.282        1.52445          112287
    3.10000        523.271        1.50420          108953
    3.30000        282.085        1.13223           58735
    3.50000        162.049       0.868472           33741
    3.70000        95.6372       0.671527           19913
    3.90000        55.4820       0.513467           11552
   0.100000        0.00000        0.00000               0
   0.300000        0.00000        0.00000               0
   0.500000        146.938       0.828212           30595
   0.700000        214.840       0.994771           44733
   0.900000        262.736        1.09484           54706
    1.10000        286.580        1.14071           59670
    1.30000        289.950        1.14700           60372
    1.50000        288.245        1.14383           60017
    1.70000        279.594        1.12751           58216
    1.90000        282.720        1.13344           58866
    2.10000        291.822        1.15048           60762
    2.30000        316.293        1.19479           65857
    2.50000        358.993        1.26737           74748
    2.70000        409.063        1.34593           85173
    2.90000        463.903        1.42517           96591
    3.10000        465.351        1.42718           96893
    3.30000        207.819       0.979069           43271
    3.50000        105.838       0.705731           22037
    3.70000        59.4431       0.531274           12377
    3.90000        33.0139       0.396933            6874
   0.100000        0.00000        0.00000               0
   0.300000        0.00000        0.00000               0
   0.500000        96.6259       0.674922           20119
   0.700000        162.803       0.870421           33898
   0.900000        232.567        1.03318           48424
    1.10000        292.514        1.15176           60906
    1.30000        334.887        1.22710           69728
    1.50000        355.892        1.26229           74102
    1.70000        363.269        1.27434           75638
    1.90000        365.648        1.27820           76133
    2.10000        366.316        1.27927           76273
    2.30000        367.393        1.28101           76497
    2.50000        373.321        1.29052           77731
    2.70000        378.533        1.29880           78816
    2.90000        383.939        1.30731           79942
    3.10000        358.831        1.26710           74714
    3.30000        166.376       0.879610           34642
    3.50000        87.2418       0.641896           18165
    3.70000        49.1987       0.483807           10244
    3.90000        28.9271       0.371703            6023
   0.100000        0.00000        0.00000               0
   0.300000        0.00000        0.00000               0
   0.500000        148.058       0.831275           30828
   0.700000        214.553       0.994147           44673
   0.900000        263.954        1.09725           54959
    1.10000        286.902        1.14132           59737
    1.30000        291.036        1.14903           60598
    1.50000        288.822        1.14491           60137
    1.70000        281.552        1.13123           58623
    1.90000        280.382        1.12901           58380
    2.10000        291.602        1.15007           60716
    2.30000        318.776        1.19917           66374
    2.50000        357.236        1.26449           74382
    2.70000        408.569        1.34518           85070
    2.90000        462.764        1.42358           96355
    3.10000        462.929        1.42382           96389
    3.30000        208.097       0.979695           43329
    3.50000        106.353       0.707415           22144
    3.70000        58.2230       0.525853           12123
    3.90000        33.3880       0.399159            6952
   0.100000        0.00000        0.00000               0
   0.300000        0.00000        0.00000               0
   0.500000        95.0578       0.669511           19793
   0.700000        161.512       0.867076           33629
   0.900000        231.007        1.02987           48099
    1.10000        292.127        1.15106           60825
    1.30000        333.106        1.22404           69358
    1.50000        357.957        1.26567           74532
    1.70000        363.320        1.27442           75649
    1.90000        367.288        1.28084           76475
    2.10000        367.593        1.28133           76538
    2.30000        368.080        1.28212           76640
    2.50000        373.230        1.29037           77712
    2.70000        377.663        1.29743           78635
    2.90000        385.190        1.30927           80202
    3.10000        361.794        1.27194           75331
    3.30000        165.962       0.878554           34556
    3.50000        87.2944       0.642088           18176
    3.70000        48.5508       0.480642           10109
    3.90000        28.5761       0.369451            5950
    3.02500        0.00000        0.00000               0
    3.07500        0.00000        0.00000               0
    3.12500        2885.00        6.91442          150175
    3.17500        4546.32        8.27228          236653
    3.22500        2469.56        6.47018          128550
    3.27500        1771.82        5.58268           92230
    3.32500        1383.12        4.98205           71997
    3.37500        1096.39        4.46797           57071
    3.42500        887.186        4.04025           46181
    3.47500        730.220        3.67969           38011
    3.52500        597.742        3.34008           31115
    3.57500        497.983        3.05608           25922
    3.62500        409.518        2.77734           21317
    3.67500        338.304        2.52871           17610
    3.72500        278.848        2.29908           14515
    3.77500        232.336        2.10094           12094
    3.82500        192.820        1.91577           10037
    3.87500        162.486        1.75992            8458
    3.92500        130.444        1.57809            6790
    3.97500        108.870        1.44244            5667
   -2.85000        0.00000        0.00000               0
   -2.55000       0.473893       0.389509E-01         148
   -2.25000        11.8695       0.194617            3707
   -1.95000        46.4400       0.383038           14504
   -1.65000        103.847       0.568001           32434
   -1.35000        173.718       0.727047           54256
   -1.05000        244.898       0.853959           76487
  -0.750000        304.982       0.944138           95253
  -0.450000        345.290       0.998239          107842
  -0.150000        368.936        1.02798          115227
   0.150000        366.592        1.02509          114495
   0.450000        347.497        1.00107          108532
   0.750000        304.935       0.944072           95238
    1.05000        245.770       0.855363           76759
    1.35000        173.655       0.726923           54236
    1.65000        103.995       0.568397           32480
    1.95000        46.3556       0.382692           14478
    2.25000        11.8530       0.194478            3702
    2.55000       0.397046       0.356535E-01         124
    2.85000        0.00000        0.00000               0
    5.00000        0.00000        0.00000               0
    15.0000        0.00000        0.00000               0
    25.0000        0.00000        0.00000               0
    35.0000        4.89380       0.211698E-01       50948
    45.0000        11.7444       0.316530E-01      122268
    55.0000        13.9910       0.341295E-01      145657
    65.0000        13.1745       0.332667E-01      137156
    75.0000        11.0886       0.308643E-01      115440
    85.0000        8.95171       0.280452E-01       93194
    95.0000        7.00251       0.250550E-01       72902
    105.000        5.39317       0.221681E-01       56147
    115.000        4.17500       0.196233E-01       43465
    125.000        3.21128       0.172922E-01       33432
    135.000        2.49214       0.152871E-01       25945
    145.000        1.92139       0.134603E-01       20003
    155.000        1.52657       0.120208E-01       15893
    165.000        1.19876       0.106692E-01       12480
    175.000       0.975335       0.963400E-02       10154
    185.000       0.772662       0.858317E-02        8044
    195.000       0.614177       0.765821E-02        6394
    5.00000        0.00000        0.00000               0
    15.0000        0.00000        0.00000               0
    25.0000        0.00000        0.00000               0
    35.0000        36.9358       0.479566E-01      384529
    45.0000        23.0714       0.415831E-01      240191
    55.0000        13.4258       0.335365E-01      139772
    65.0000        7.84996       0.264131E-01       81724
    75.0000        4.79135       0.209575E-01       49882
    85.0000        3.02571       0.168005E-01       31500
    95.0000        2.00800       0.137544E-01       20905
    105.000        1.34603       0.112975E-01       14013
    115.000       0.934028       0.942955E-02        9724
    125.000       0.667974       0.798461E-02        6954
    135.000       0.498142       0.690082E-02        5186
    145.000       0.357520       0.585019E-02        3722
    155.000       0.260114       0.499226E-02        2708
    165.000       0.199802       0.437673E-02        2080
    175.000       0.145911       0.374113E-02        1519
    185.000       0.112672       0.328801E-02        1173
    195.000       0.847227E-01   0.285160E-02         882
   -2.85000        0.00000        0.00000               0
   -2.55000        14.3986       0.214268            4497
   -2.25000        62.5446       0.443482           19534
   -1.95000        99.1254       0.555330           30959
   -1.65000        141.633       0.659644           44235
   -1.35000        187.012       0.752846           58408
   -1.05000        231.529       0.832022           72312
  -0.750000        266.733       0.888219           83307
  -0.450000        291.066       0.924351           90907
  -0.150000        304.731       0.943778           95175
   0.150000        306.187       0.945825           95629
   0.450000        292.451       0.926354           91339
   0.750000        267.328       0.889126           83492
    1.05000        231.168       0.831424           72199
    1.35000        188.034       0.754784           58727
    1.65000        142.331       0.661199           44453
    1.95000        98.3688       0.553261           30723
    2.25000        62.5221       0.443404           19527
    2.55000        14.3409       0.213841            4479
    2.85000        0.00000        0.00000               0
   -2.85000        0.00000        0.00000               0
   -2.55000        17.6202       0.236926            5503
   -2.25000        72.3972       0.476451           22611
   -1.95000        106.077       0.573885           33130
   -1.65000        145.119       0.667363           45324
   -1.35000        188.516       0.755694           58878
   -1.05000        227.238       0.824820           70972
  -0.750000        259.578       0.877197           81072
  -0.450000        285.234       0.915878           89085
  -0.150000        297.127       0.933047           92799
   0.150000        298.803       0.935429           93323
   0.450000        286.350       0.917508           89434
   0.750000        261.276       0.879830           81603
    1.05000        228.226       0.826486           71280
    1.35000        186.874       0.752583           58365
    1.65000        145.309       0.667784           45383
    1.95000        105.504       0.572376           32951
    2.25000        72.2547       0.475986           22567
    2.55000        18.0007       0.239455            5622
    2.85000        0.00000        0.00000               0
