   0.500000        951.072       0.280962          999900
    330.000       0.820084       0.351945E-02       51731
    390.000        3.41180       0.659240E-02      215219
    450.000        3.13869       0.638466E-02      197989
    510.000        2.40665       0.573273E-02      151812
    570.000        1.73655       0.497756E-02      109542
    630.000        1.22453       0.424771E-02       77244
    690.000       0.862432       0.360453E-02       54403
    750.000       0.607841       0.304935E-02       38343
    810.000       0.438488       0.260302E-02       27660
    870.000       0.314093       0.221113E-02       19813
    930.000       0.230152       0.189741E-02       14518
    990.000       0.166247       0.161561E-02       10487
    1050.00       0.120958       0.137991E-02        7630
    1110.00       0.889031E-01   0.118412E-02        5608
    1170.00       0.685634E-01   0.104049E-02        4325
    1230.00       0.496840E-01   0.886223E-03        3134
    1290.00       0.376342E-01   0.771558E-03        2374
    1350.00       0.276969E-01   0.662114E-03        1747
    1410.00       0.219879E-01   0.590020E-03        1387
    1470.00       0.164085E-01   0.509788E-03        1035
    10.0000       0.909040       0.651752E-02       38228
    30.0000        2.67494       0.109856E-01      112490
    50.0000        4.11029       0.134184E-01      172854
    70.0000        4.95400       0.146013E-01      208334
    90.0000        4.99435       0.146543E-01      210032
    110.000        4.71873       0.142859E-01      198438
    130.000        4.34963       0.137691E-01      182916
    150.000        3.87648       0.130629E-01      163020
    170.000        3.35754       0.122224E-01      141196
    190.000        2.81295       0.112496E-01      118294
    210.000        2.30043       0.102260E-01       96742
    230.000        1.82575       0.915339E-02       76780
    250.000        1.46605       0.823171E-02       61652
    270.000        1.15038       0.731441E-02       48378
    290.000       0.902324       0.649378E-02       37946
    310.000       0.693965       0.570646E-02       29184
    330.000       0.543540       0.505763E-02       22858
    350.000       0.423504       0.446957E-02       17810
    370.000       0.331529       0.395807E-02       13942
    390.000       0.256249       0.348237E-02       10776
    10.0000        2.65195       0.109408E-01       55762
    30.0000        5.11896       0.148165E-01      107635
    50.0000        6.19803       0.161151E-01      130325
    70.0000        7.00683       0.169828E-01      147331
    90.0000        8.46230       0.183598E-01      177935
    110.000        9.25884       0.190283E-01      194684
    130.000        5.76285       0.156125E-01      121174
    150.000        1.58525       0.854966E-02       33333
    170.000       0.656877       0.555387E-02       13812
    190.000       0.329524       0.394613E-02        6929
    210.000       0.188568       0.298919E-02        3965
    230.000       0.109476       0.227932E-02        2302
    250.000       0.701933E-01   0.182581E-02        1476
    270.000       0.466094E-01   0.148820E-02         980
    290.000       0.305817E-01   0.120566E-02         643
    310.000       0.197855E-01   0.969877E-03         416
    330.000       0.140294E-01   0.816709E-03         295
    350.000       0.107966E-01   0.716514E-03         227
    370.000       0.723043E-02   0.586422E-03         152
    390.000       0.546825E-02   0.509886E-03         115
    10.0000        0.00000        0.00000               0
    30.0000       0.703427       0.574468E-02       14791
    50.0000        1.73943       0.894208E-02       36575
    70.0000        2.44159       0.105202E-01       51339
    90.0000        3.52094       0.124952E-01       74034
    110.000        4.54889       0.140515E-01       95649
    130.000        4.98408       0.146409E-01      104799
    150.000        4.83395       0.144417E-01      101642
    170.000        4.35546       0.137775E-01       91581
    190.000        3.72718       0.128287E-01       78371
    210.000        3.13562       0.118384E-01       65932
    230.000        2.57593       0.107911E-01       54163
    250.000        2.08267       0.975127E-02       43792
    270.000        1.69026       0.881913E-02       35541
    290.000        1.35109       0.791128E-02       28409
    310.000        1.08908       0.712116E-02       22900
    330.000       0.868407       0.637265E-02       18260
    350.000       0.692075       0.569882E-02       14552
    370.000       0.567938       0.516869E-02       11942
    390.000       0.458643       0.464964E-02        9644
    5.00000        0.00000        0.00000               0
    15.0000       0.169310E-01   0.126892E-02         178
    25.0000       0.471694       0.668305E-02        4959
    35.0000        1.28921       0.110048E-01       13554
    45.0000        2.05321       0.138364E-01       21586
    55.0000        2.84275       0.162176E-01       29887
    65.0000        3.77305       0.185979E-01       39667
    75.0000        4.76429       0.207951E-01       50089
    85.0000        6.04236       0.232678E-01       63526
    95.0000        7.43159       0.256213E-01       78131
    105.000        8.65886       0.274801E-01       91034
    115.000        9.03891       0.280207E-01       95030
    125.000        8.70733       0.275498E-01       91544
    135.000        7.00178       0.249243E-01       73613
    145.000        4.28358       0.197658E-01       45035
    155.000        2.82618       0.161716E-01       29713
    165.000        2.56522       0.154268E-01       26969
    175.000        2.38887       0.149000E-01       25115
    185.000        2.12150       0.140599E-01       22304
    195.000        1.92525       0.134065E-01       20241
    5.00000        0.00000        0.00000               0
    15.0000       0.104813       0.315575E-02        1102
    25.0000        1.00100       0.971054E-02       10524
    35.0000        1.86067       0.131840E-01       19562
    45.0000        2.69497       0.158021E-01       28333
    55.0000        3.75872       0.185638E-01       39517
    65.0000        4.98376       0.212453E-01       52396
    75.0000        6.80303       0.245932E-01       71523
    85.0000        8.70744       0.275498E-01       91545
    95.0000        10.0519       0.293914E-01      105680
    105.000        10.5287       0.300040E-01      110693
    115.000        10.1590       0.295310E-01      106806
    125.000        8.89454       0.278172E-01       93512
    135.000        6.54479       0.241539E-01       68808
    145.000        3.67696       0.183684E-01       38657
    155.000        2.25761       0.144942E-01       23735
    165.000        1.90959       0.133531E-01       20076
    175.000        1.61194       0.122861E-01       16947
    185.000        1.37148       0.113460E-01       14419
    195.000        1.15890       0.104405E-01       12184
    5.00000        0.00000        0.00000               0
    15.0000       0.390357       0.608192E-02        4104
    25.0000        1.68479       0.125562E-01       17713
    35.0000        2.43015       0.150251E-01       25549
    45.0000        3.15970       0.170712E-01       33219
    55.0000        3.94657       0.190043E-01       41492
    65.0000        5.03836       0.213555E-01       52970
    75.0000        6.14181       0.234468E-01       64571
    85.0000        6.79639       0.245820E-01       71453
    95.0000        6.93925       0.248207E-01       72956
    105.000        6.75989       0.245205E-01       71069
    115.000        6.30737       0.237405E-01       66312
    125.000        5.73060       0.226957E-01       60248
    135.000        5.14989       0.215782E-01       54143
    145.000        4.51508       0.202691E-01       47469
    155.000        3.90357       0.189043E-01       41040
    165.000        3.42992       0.177624E-01       36060
    175.000        2.95288       0.165197E-01       31045
    185.000        2.54086       0.153552E-01       26713
    195.000        2.19653       0.143011E-01       23093
    5.00000        0.00000        0.00000               0
    15.0000       0.121744       0.340083E-02        1280
    25.0000        1.46908       0.117372E-01       15445
    35.0000        3.13028       0.169938E-01       32910
    45.0000        4.65810       0.205732E-01       48972
    55.0000        6.31726       0.237579E-01       66416
    65.0000        8.04826       0.265780E-01       84614
    75.0000        9.98755       0.293072E-01      105003
    85.0000        11.5383       0.312398E-01      121307
    95.0000        12.2075       0.320170E-01      128342
    105.000        11.8196       0.315706E-01      124265
    115.000        10.3642       0.297949E-01      108963
    125.000        8.14472       0.267232E-01       85629
    135.000        5.05042       0.213795E-01       53097
    145.000        1.59045       0.122052E-01       16721
    155.000       0.202419       0.438369E-02        2128
    165.000       0.932172E-01   0.297637E-02         980
    175.000       0.678209E-01   0.253906E-02         713
    185.000       0.463260E-01   0.209875E-02         487
    195.000       0.377601E-01   0.189477E-02         397
    10.0000        0.00000        0.00000               0
    30.0000        0.00000        0.00000               0
    50.0000        4.91109       0.145446E-01      103265
    70.0000        11.4558       0.206160E-01      240880
    90.0000        10.2593       0.197948E-01      215719
    110.000        7.21736       0.171957E-01      151757
    130.000        4.79341       0.143872E-01      100790
    150.000        3.12026       0.118112E-01       65609
    170.000        2.01769       0.960414E-02       42426
    190.000        1.27903       0.770283E-02       26894
    210.000       0.844255       0.628491E-02       17752
    230.000       0.540394       0.504306E-02       11363
    250.000       0.352443       0.408011E-02        7411
    270.000       0.238978       0.336348E-02        5025
    290.000       0.159748       0.275207E-02        3359
    310.000       0.106010       0.224308E-02        2229
    330.000       0.735744E-01   0.186926E-02        1547
    350.000       0.494599E-01   0.153295E-02        1040
    370.000       0.331530E-01   0.125535E-02         697
    390.000       0.262545E-01   0.111718E-02         552
    10.0000        0.00000        0.00000               0
    30.0000        0.00000        0.00000               0
    50.0000        24.0670       0.248163E-01      506052
    70.0000        11.8722       0.208792E-01      249634
    90.0000        5.63210       0.154562E-01      118425
    110.000        2.79641       0.112183E-01       58800
    130.000        1.43042       0.813389E-02       30077
    150.000       0.748131       0.592181E-02       15731
    170.000       0.421838       0.446085E-02        8870
    190.000       0.234223       0.333001E-02        4925
    210.000       0.138777       0.256562E-02        2918
    230.000       0.800422E-01   0.194958E-02        1683
    250.000       0.483249E-01   0.151536E-02        1016
    270.000       0.286772E-01   0.116750E-02         603
    290.000       0.188809E-01   0.947425E-03         397
    310.000       0.121752E-01   0.760853E-03         256
    330.000       0.713339E-02   0.582394E-03         150
    350.000       0.542182E-02   0.507772E-03         114
    370.000       0.337581E-02   0.413935E-03          67
    390.000       0.290618E-02   0.381635E-03          58
    10.0000        0.00000        0.00000               0
    30.0000        0.00000        0.00000               0
    50.0000        14.4890       0.164220E-01      609317
    70.0000        11.6640       0.151352E-01      490514
    90.0000        7.94569       0.128602E-01      334144
    110.000        5.00689       0.106073E-01      210557
    130.000        3.11191       0.854899E-02      130867
    150.000        1.93420       0.682057E-02       81340
    170.000        1.21976       0.545557E-02       51296
    190.000       0.756624       0.431038E-02       31819
    210.000       0.491516       0.347924E-02       20670
    230.000       0.310218       0.276962E-02       13046
    250.000       0.200384       0.222101E-02        8427
    270.000       0.133828       0.181046E-02        5628
    290.000       0.893142E-01   0.148102E-02        3756
    310.000       0.590924E-01   0.119972E-02        2485
    330.000       0.403539E-01   0.993731E-03        1697
    350.000       0.274409E-01   0.819863E-03        1154
    370.000       0.181694E-01   0.664792E-03         764
    390.000       0.145062E-01   0.598610E-03         610
    5.00000        0.00000        0.00000               0
    15.0000        0.00000        0.00000               0
    25.0000        0.00000        0.00000               0
    35.0000        22.7940       0.411558E-01      239642
    45.0000        18.4943       0.380380E-01      194438
    55.0000        14.0867       0.340402E-01      148099
    65.0000        10.3696       0.298015E-01      109021
    75.0000        7.63343       0.259396E-01       80254
    85.0000        5.54088       0.223384E-01       58253
    95.0000        4.02439       0.191833E-01       42310
    105.000        2.92323       0.164391E-01       30733
    115.000        2.15460       0.141668E-01       22652
    125.000        1.60403       0.122563E-01       16864
    135.000        1.22588       0.107345E-01       12888
    145.000       0.913034       0.927809E-02        9599
    155.000       0.689211       0.806970E-02        7246
    165.000       0.546056       0.718786E-02        5741
    175.000       0.421084       0.631585E-02        4427
    185.000       0.336140       0.564522E-02        3534
    195.000       0.256905       0.493708E-02        2701
    5.00000        0.00000        0.00000               0
    15.0000        0.00000        0.00000               0
    25.0000        0.00000        0.00000               0
    35.0000        22.8011       0.411602E-01      239716
    45.0000        18.4297       0.379857E-01      193759
    55.0000        14.0617       0.340144E-01      147836
    65.0000        10.4468       0.299004E-01      109831
    75.0000        7.62006       0.259188E-01       80113
    85.0000        5.57546       0.224039E-01       58617
    95.0000        3.99518       0.191164E-01       42003
    105.000        2.95051       0.165133E-01       31020
    115.000        2.14963       0.141507E-01       22600
    125.000        1.58195       0.121729E-01       16632
    135.000        1.21139       0.106715E-01       12736
    145.000       0.897387       0.919868E-02        9435
    155.000       0.726133       0.828170E-02        7634
    165.000       0.539398       0.714413E-02        5671
    175.000       0.436113       0.642712E-02        4585
    185.000       0.336141       0.564523E-02        3534
    195.000       0.266995       0.503296E-02        2807
    5.00000        0.00000        0.00000               0
    15.0000        0.00000        0.00000               0
    25.0000        0.00000        0.00000               0
    35.0000        22.7975       0.298163E-01      479358
    45.0000        18.4620       0.274433E-01      388197
    55.0000        14.0742       0.243287E-01      295935
    65.0000        10.4082       0.212281E-01      218852
    75.0000        7.62675       0.184038E-01      160367
    85.0000        5.55817       0.159044E-01      116870
    95.0000        4.00978       0.136341E-01       84313
    105.000        2.93687       0.117477E-01       61753
    115.000        2.15212       0.100932E-01       45252
    125.000        1.59299       0.871949E-02       33496
    135.000        1.21864       0.765064E-02       25624
    145.000       0.905211       0.659164E-02       19034
    155.000       0.707672       0.583126E-02       14880
    165.000       0.542727       0.510816E-02       11412
    175.000       0.428598       0.454420E-02        9012
    185.000       0.336140       0.402317E-02        7068
    195.000       0.261950       0.355390E-02        5508
    5.00000        1.62746       0.123442E-01       17110
    15.0000        4.34932       0.199101E-01       45726
    25.0000        6.38293       0.238732E-01       67106
    35.0000        8.02672       0.265452E-01       84388
    45.0000        9.46182       0.286049E-01       99476
    55.0000        10.6699       0.301820E-01      112177
    65.0000        11.9022       0.316667E-01      125132
    75.0000        11.5380       0.312398E-01      121303
    85.0000        9.65565       0.288668E-01      101513
    95.0000        7.17396       0.252066E-01       75423
    105.000        5.02330       0.213251E-01       52812
    115.000        3.38200       0.176418E-01       35557
    125.000        2.12105       0.140581E-01       22300
    135.000        1.29261       0.110190E-01       13590
    145.000       0.772048       0.853748E-02        8117
    155.000       0.473010       0.669221E-02        4973
    165.000       0.325201       0.555291E-02        3419
    175.000       0.226665       0.463817E-02        2383
    185.000       0.161886       0.392093E-02        1702
    195.000       0.121463       0.339698E-02        1277
    5.00000       0.616072       0.763225E-02        6477
    15.0000        1.98803       0.136192E-01       20901
    25.0000        3.43924       0.177856E-01       36158
    35.0000        4.86890       0.210111E-01       51189
    45.0000        6.02320       0.232332E-01       63324
    55.0000        6.67372       0.243745E-01       70163
    65.0000        7.03692       0.249823E-01       73982
    75.0000        7.15060       0.251685E-01       75177
    85.0000        7.13385       0.251412E-01       75001
    95.0000        6.82881       0.246365E-01       71794
    105.000        6.36709       0.238454E-01       66940
    115.000        5.74221       0.227173E-01       60370
    125.000        4.88088       0.210357E-01       51315
    135.000        4.03378       0.192047E-01       42409
    145.000        3.23568       0.172687E-01       34018
    155.000        2.72712       0.158935E-01       28671
    165.000        2.35384       0.147928E-01       24747
    175.000        2.04539       0.138104E-01       21504
    185.000        1.74598       0.127785E-01       18356
    195.000        1.50143       0.118639E-01       15785
    5.00000        1.41514       0.115227E-01       14878
    15.0000        3.99480       0.191155E-01       41999
    25.0000        5.59943       0.224493E-01       58869
    35.0000        6.41437       0.239280E-01       67437
    45.0000        6.93142       0.248079E-01       72873
    55.0000        7.22666       0.252922E-01       75977
    65.0000        7.70488       0.260511E-01       81005
    75.0000        8.56567       0.273450E-01       90054
    85.0000        8.47509       0.272130E-01       89102
    95.0000        7.57462       0.258475E-01       79635
    105.000        6.36676       0.238449E-01       66936
    115.000        5.18282       0.216435E-01       54489
    125.000        3.96372       0.190439E-01       41672
    135.000        3.00369       0.166572E-01       31579
    145.000        2.28891       0.145921E-01       24064
    155.000        1.80921       0.130037E-01       19021
    165.000        1.44855       0.116561E-01       15229
    175.000        1.19257       0.105893E-01       12538
    185.000       0.981617       0.961712E-02       10320
    195.000       0.818756       0.878997E-02        8608
    5.00000        0.00000        0.00000               0
    15.0000        0.00000        0.00000               0
    25.0000        0.00000        0.00000               0
    35.0000        0.00000        0.00000               0
    45.0000        15.5552       0.354775E-01      163539
    55.0000        15.5935       0.355139E-01      163940
    65.0000        14.6540       0.346093E-01      154063
    75.0000        12.7940       0.326726E-01      134508
    85.0000        10.3254       0.297453E-01      108555
    95.0000        7.86130       0.262930E-01       82649
    105.000        5.70417       0.226463E-01       59970
    115.000        3.96142       0.190386E-01       41648
    125.000        2.69277       0.157957E-01       28310
    135.000        1.75564       0.128130E-01       18458
    145.000        1.17421       0.105084E-01       12345
    155.000       0.774832       0.855285E-02        8146
    165.000       0.554329       0.724183E-02        5828
    175.000       0.393403       0.610554E-02        4136
    185.000       0.294851       0.528814E-02        3100
    195.000       0.221154       0.458162E-02        2325
   -2.85000       0.390030       0.248644E-01         246
   -2.55000        5.82919       0.962558E-01        3677
   -2.25000        30.7307       0.222108           19385
   -1.95000        80.6640       0.361587           50883
   -1.65000        141.132       0.475574           89027
   -1.35000        197.097       0.556301          124330
   -1.05000        239.948       0.605990          151360
  -0.750000        275.290       0.641751          173654
  -0.450000        299.876       0.664308          189163
  -0.150000        314.177       0.676830          198184
   0.150000        312.609       0.675458          197195
   0.450000        300.253       0.664671          189401
   0.750000        274.433       0.641275          173114
    1.05000        241.229       0.607790          152169
    1.35000        197.342       0.556154          124484
    1.65000        141.816       0.476400           89458
    1.95000        80.5825       0.360837           50832
    2.25000        30.6611       0.221869           19341
    2.55000        5.78171       0.956837E-01        3647
    2.85000       0.390021       0.248638E-01         246
   -2.85000        0.00000        0.00000               0
   -2.55000        16.5772       0.162187           10457
   -2.25000        69.4161       0.333207           43788
   -1.95000        102.825       0.404032           64862
   -1.65000        143.888       0.475462           90765
   -1.35000        186.467       0.537086          117624
   -1.05000        226.142       0.586117          142652
  -0.750000        260.331       0.622871          164218
  -0.450000        284.485       0.646872          179454
  -0.150000        295.350       0.658125          186308
   0.150000        296.077       0.657809          186766
   0.450000        283.352       0.646013          178740
   0.750000        259.666       0.622707          163798
    1.05000        226.551       0.586908          142910
    1.35000        186.477       0.537140          117630
    1.65000        143.927       0.475132           90790
    1.95000        103.474       0.405593           65272
    2.25000        68.7157       0.331216           43346
    2.55000        16.5190       0.162111           10420
    2.85000        0.00000        0.00000               0
   -2.85000        0.00000        0.00000               0
   -2.55000        16.5121       0.228258            5208
   -2.25000        68.0947       0.460072           21477
   -1.95000        102.073       0.560458           32194
   -1.65000        142.850       0.659001           45055
   -1.35000        185.552       0.746232           58524
   -1.05000        226.067       0.818594           71302
  -0.750000        260.203       0.873594           82069
  -0.450000        284.998       0.910740           89888
  -0.150000        296.343       0.927036           93467
   0.150000        296.652       0.927472           93565
   0.450000        284.693       0.910299           89793
   0.750000        261.605       0.875761           82511
    1.05000        227.149       0.820416           71643
    1.35000        187.401       0.749735           59107
    1.65000        142.679       0.658621           45001
    1.95000        102.699       0.562124           32391
    2.25000        68.1572       0.460275           21497
    2.55000        16.5122       0.228260            5208
    2.85000        0.00000        0.00000               0
   -2.85000        0.00000        0.00000               0
   -2.55000        16.2178       0.226231            5115
   -2.25000        67.5891       0.458386           21318
   -1.95000        102.523       0.561653           32336
   -1.65000        144.287       0.662166           45508
   -1.35000        185.954       0.746998           58650
   -1.05000        228.347       0.822423           72021
  -0.750000        260.775       0.874478           82249
  -0.450000        282.338       0.906855           89050
  -0.150000        296.000       0.926553           93359
   0.150000        296.049       0.926620           93374
   0.450000        284.551       0.910091           89748
   0.750000        259.686       0.872797           81906
    1.05000        227.468       0.820948           71744
    1.35000        186.701       0.748415           58886
    1.65000        144.685       0.663035           45634
    1.95000        102.563       0.561761           32349
    2.25000        68.0345       0.459872           21458
    2.55000        16.4708       0.227974            5195
    2.85000        0.00000        0.00000               0
   -2.85000        0.00000        0.00000               0
   -2.55000        16.3650       0.161448           10323
   -2.25000        67.8419       0.329442           42795
   -1.95000        102.298       0.403289           64530
   -1.65000        143.568       0.475185           90563
   -1.35000        185.753       0.536507          117174
   -1.05000        227.207       0.587406          143323
  -0.750000        260.489       0.623068          164318
  -0.450000        283.668       0.645960          178938
  -0.150000        296.172       0.657126          186826
   0.150000        296.350       0.657641          186939
   0.450000        284.622       0.647404          179541
   0.750000        260.646       0.623426          164417
    1.05000        227.309       0.587773          143387
    1.35000        187.051       0.538329          117993
    1.65000        143.682       0.475381           90635
    1.95000        102.631       0.403744           64740
    2.25000        68.0958       0.330113           42955
    2.55000        16.4915       0.161759           10403
    2.85000        0.00000        0.00000               0
   -2.85000        0.00000        0.00000               0
   -2.55000       0.143275       0.222678E-01          42
   -2.25000        4.27406       0.116339            1348
   -1.95000        30.2562       0.308367            9543
   -1.65000        88.4914       0.522891           27910
   -1.35000        168.876       0.713711           53264
   -1.05000        247.743       0.854073           78139
  -0.750000        312.192       0.949123           98466
  -0.450000        354.449        1.00454          111794
  -0.150000        377.350        1.03268          119016
   0.150000        375.753        1.03075          118513
   0.450000        358.497        1.00960          113072
   0.750000        311.966       0.948814           98395
    1.05000        248.487       0.855259           78373
    1.35000        169.063       0.714090           53323
    1.65000        88.7917       0.523756           28005
    1.95000        29.4895       0.304474            9301
    2.25000        4.28660       0.116507            1352
    2.55000       0.153553       0.236845E-01          43
    2.85000       0.334440E-02   0.334437E-02           1
   -2.85000        0.00000        0.00000               0
   -2.55000       0.389938       0.351573E-01         123
   -2.25000        12.5744       0.199307            3966
   -1.95000        46.4234       0.381075           14642
   -1.65000        104.029       0.565638           32811
   -1.35000        174.103       0.724103           54912
   -1.05000        244.058       0.848178           76977
  -0.750000        299.801       0.931922           94558
  -0.450000        340.353       0.986585          107347
  -0.150000        363.164        1.01539          114543
   0.150000        362.411        1.01446          114305
   0.450000        342.854       0.989805          108137
   0.750000        300.294       0.932609           94714
    1.05000        243.277       0.846929           76730
    1.35000        173.766       0.723442           54806
    1.65000        103.579       0.564447           32669
    1.95000        46.3752       0.380878           14627
    2.25000        12.3338       0.197400            3890
    2.55000       0.453385       0.379113E-01         143
    2.85000        0.00000        0.00000               0
   0.587500        66.7057       0.598741           12273
   0.762500        89.9362       0.693855           16547
   0.937500        112.970       0.776117           20785
    1.11250        138.808       0.858384           25539
    1.28750        166.060       0.936695           30552
    1.46250        198.435        1.02107           36509
    1.63750        232.824        1.10270           42836
    1.81250        274.280        1.19252           50463
    1.98750        315.966        1.27523           58133
    2.16250        362.150        1.35964           66630
    2.33750        411.002        1.44211           75618
    2.51250        458.902        1.51722           84431
    2.68750        507.541        1.58853           93379
    2.86250        547.478        1.64379          100727
    3.03750        574.870        1.68014          105767
    3.21250        396.108        1.41763           72878
    3.38750        222.391        1.07869           40917
    3.56250        137.174       0.853456           25238
    3.73750        87.3503       0.683963           16071
    3.91250        54.5543       0.542033           10037
   0.100000        0.00000        0.00000               0
   0.300000        0.00000        0.00000               0
   0.500000        68.8209       0.568305           14471
   0.700000        96.4004       0.670801           20270
   0.900000        124.627       0.760606           26205
    1.10000        155.279       0.846442           32650
    1.30000        185.877       0.923279           39084
    1.50000        220.699        1.00256           46406
    1.70000        259.161        1.08222           54494
    1.90000        301.353        1.16201           63365
    2.10000        350.300        1.24657           73657
    2.30000        397.548        1.32150           83592
    2.50000        446.097        1.39280           93800
    2.70000        489.566        1.45241          102940
    2.90000        519.505        1.49141          109235
    3.10000        502.362        1.46927          105630
    3.30000        270.247        1.10389           56824
    3.50000        157.590       0.852523           33136
    3.70000        91.6976       0.654539           19281
    3.90000        53.8926       0.503635           11332
   0.100000        0.00000        0.00000               0
   0.300000        0.00000        0.00000               0
   0.500000        159.193       0.856715           33473
   0.700000        229.746        1.02198           48308
   0.900000        274.409        1.11188           57700
    1.10000        295.242        1.15088           62080
    1.30000        293.187        1.14711           61648
    1.50000        283.706        1.12950           59654
    1.70000        276.348        1.11559           58107
    1.90000        275.877        1.11469           58008
    2.10000        284.421        1.13083           59805
    2.30000        310.119        1.17774           65208
    2.50000        350.666        1.24717           73734
    2.70000        397.769        1.32184           83638
    2.90000        449.744        1.39794           94567
    3.10000        446.430        1.39327           93870
    3.30000        199.390       0.954972           41925
    3.50000        102.146       0.690113           21478
    3.70000        56.9613       0.517624           11977
    3.90000        32.4342       0.391518            6820
   0.100000        0.00000        0.00000               0
   0.300000        0.00000        0.00000               0
   0.500000        100.205       0.683651           21070
   0.700000        169.221       0.882404           35582
   0.900000        240.237        1.04395           50514
    1.10000        300.507        1.16048           63187
    1.30000        338.140        1.22627           71100
    1.50000        357.026        1.25761           75071
    1.70000        361.364        1.26467           75983
    1.90000        360.332        1.26299           75766
    2.10000        360.081        1.26258           75713
    2.30000        361.567        1.26499           76026
    2.50000        362.394        1.26633           76200
    2.70000        370.261        1.27895           77855
    2.90000        373.031        1.28336           78437
    3.10000        347.613        1.24212           73092
    3.30000        160.063       0.858975           33656
    3.50000        82.7475       0.622319           17399
    3.70000        47.0441       0.470860            9892
    3.90000        28.0884       0.364505            5906
   0.100000        0.00000        0.00000               0
   0.300000        0.00000        0.00000               0
   0.500000        159.677       0.857967           33575
   0.700000        227.857        1.01796           47911
   0.900000        275.276        1.11354           57882
    1.10000        294.092        1.14877           61838
    1.30000        292.480        1.14582           61499
    1.50000        282.581        1.12738           59418
    1.70000        275.449        1.11388           57918
    1.90000        275.102        1.11322           57845
    2.10000        285.642        1.13312           60062
    2.30000        311.905        1.18091           65583
    2.50000        351.411        1.24840           73890
    2.70000        399.898        1.32508           84086
    2.90000        448.893        1.39674           94388
    3.10000        446.599        1.39349           93906
    3.30000        199.584       0.955422           41966
    3.50000        102.497       0.691270           21552
    3.70000        56.6616       0.516276           11914
    3.90000        32.2493       0.390412            6781
   0.100000        0.00000        0.00000               0
   0.300000        0.00000        0.00000               0
   0.500000        100.767       0.685538           21188
   0.700000        168.561       0.880739           35443
   0.900000        241.758        1.04709           50834
    1.10000        301.360        1.16203           63366
    1.30000        338.439        1.22678           71163
    1.50000        358.314        1.25971           75342
    1.70000        362.285        1.26615           76177
    1.90000        362.495        1.26649           76221
    2.10000        359.224        1.26119           75533
    2.30000        361.056        1.26416           75919
    2.50000        365.073        1.27066           76763
    2.70000        367.193        1.27405           77209
    2.90000        369.304        1.27743           77653
    3.10000        345.433        1.23849           72634
    3.30000        161.814       0.863515           34024
    3.50000        82.6949       0.622122           17388
    3.70000        47.2432       0.471842            9934
    3.90000        26.8802       0.356619            5652
    3.02500        0.00000        0.00000               0
    3.07500        0.00000        0.00000               0
    3.12500        2844.92        6.83601          149550
    3.17500        4505.48        8.19626          236840
    3.22500        2431.15        6.39162          127798
    3.27500        1754.28        5.52837           92217
    3.32500        1364.98        4.92597           71753
    3.37500        1078.38        4.41050           56687
    3.42500        884.388        4.01372           46489
    3.47500        719.291        3.63466           37811
    3.52500        593.698        3.31244           31209
    3.57500        490.704        3.01909           25795
    3.62500        409.554        2.76365           21529
    3.67500        339.892        2.52198           17867
    3.72500        281.374        2.29790           14791
    3.77500        228.361        2.07282           12004
    3.82500        194.154        1.91287           10206
    3.87500        158.653        1.73063            8340
    3.92500        133.008        1.58556            6992
    3.97500        108.682        1.43412            5713
   -2.85000        0.00000        0.00000               0
   -2.55000       0.507334       0.401049E-01         160
   -2.25000        12.4065       0.197978            3913
   -1.95000        47.4785       0.385320           14975
   -1.65000        104.603       0.567148           32992
   -1.35000        174.413       0.724717           55010
   -1.05000        242.626       0.845880           76525
  -0.750000        299.704       0.931790           94527
  -0.450000        339.617       0.985636          107116
  -0.150000        361.506        1.01334          114019
   0.150000        359.982        1.01146          113539
   0.450000        342.849       0.989802          108136
   0.750000        299.912       0.932073           94593
    1.05000        244.543       0.848965           77129
    1.35000        175.356       0.726568           55308
    1.65000        104.594       0.567127           32989
    1.95000        46.9873       0.383351           14820
    2.25000        12.7169       0.200426            4011
    2.55000       0.437495       0.372395E-01         138
    2.85000        0.00000        0.00000               0
    5.00000        0.00000        0.00000               0
    15.0000        0.00000        0.00000               0
    25.0000        0.00000        0.00000               0
    35.0000        5.87153       0.229565E-01       61730
    45.0000        13.5862       0.335228E-01      142837
    55.0000        15.4002       0.353313E-01      161908
    65.0000        13.6819       0.336227E-01      143844
    75.0000        11.0563       0.306601E-01      116240
    85.0000        8.52857       0.272912E-01       89664
    95.0000        6.36721       0.238456E-01       66941
    105.000        4.79742       0.208639E-01       50437
    115.000        3.56786       0.181037E-01       37510
    125.000        2.67102       0.157334E-01       28082
    135.000        2.06062       0.138609E-01       21664
    145.000        1.55751       0.120800E-01       16375
    155.000        1.22711       0.107398E-01       12901
    165.000       0.953529       0.947967E-02       10025
    175.000       0.749706       0.841401E-02        7882
    185.000       0.596668       0.751184E-02        6273
    195.000       0.462553       0.661822E-02        4863
    5.00000        0.00000        0.00000               0
    15.0000        0.00000        0.00000               0
    25.0000        0.00000        0.00000               0
    35.0000        39.7235       0.483521E-01      417628
    45.0000        23.3378       0.415045E-01      245360
    55.0000        12.7482       0.326221E-01      134027
    65.0000        7.13448       0.251421E-01       75008
    75.0000        4.19719       0.195739E-01       44127
    85.0000        2.58777       0.154928E-01       27206
    95.0000        1.65236       0.124367E-01       17372
    105.000        1.07632       0.100655E-01       11316
    115.000       0.736379       0.833933E-02        7742
    125.000       0.514964       0.698133E-02        5414
    135.000       0.376656       0.597461E-02        3960
    145.000       0.252916       0.489876E-02        2659
    155.000       0.188233       0.422744E-02        1979
    165.000       0.131925       0.354003E-02        1387
    175.000       0.107490       0.319596E-02        1130
    185.000       0.756123E-01   0.268070E-02         795
    195.000       0.613470E-01   0.241481E-02         645
   -2.85000        0.00000        0.00000               0
   -2.55000        14.6798       0.215282            4630
   -2.25000        63.8734       0.445852           20146
   -1.95000        98.4102       0.550607           31039
   -1.65000        142.435       0.658081           44924
   -1.35000        186.286       0.747628           58755
   -1.05000        229.577       0.824478           72409
  -0.750000        262.383       0.876952           82756
  -0.450000        286.747       0.913280           90440
  -0.150000        299.903       0.932065           94590
   0.150000        299.484       0.931473           94458
   0.450000        287.369       0.914182           90637
   0.750000        263.336       0.878417           83057
    1.05000        229.381       0.824150           72347
    1.35000        185.975       0.747037           58657
    1.65000        141.907       0.656916           44758
    1.95000        99.2891       0.552991           31316
    2.25000        64.2075       0.447002           20251
    2.55000        14.9964       0.217577            4730
    2.85000        0.00000        0.00000               0
   -2.85000        0.00000        0.00000               0
   -2.55000        18.0501       0.238604            5693
   -2.25000        71.8104       0.472198           22649
   -1.95000        106.186       0.571290           33491
   -1.65000        144.702       0.663072           45639
   -1.35000        185.220       0.745602           58419
   -1.05000        224.838       0.816522           70914
  -0.750000        258.595       0.871105           81562
  -0.450000        280.588       0.904292           88498
  -0.150000        292.440       0.921482           92236
   0.150000        293.216       0.922586           92481
   0.450000        281.875       0.906184           88904
   0.750000        257.955       0.870118           81360
    1.05000        225.236       0.817189           71040
    1.35000        188.128       0.751103           59336
    1.65000        145.456       0.664726           45877
    1.95000        105.973       0.570736           33424
    2.25000        71.9841       0.472755           22704
    2.55000        17.9866       0.238184            5673
    2.85000        0.00000        0.00000               0
