   0.500000        882.921       0.258627          999917
    330.000       0.196097       0.168839E-02       13325
    390.000        2.89545       0.591150E-02      196748
    450.000        3.04490       0.602771E-02      206903
    510.000        2.38527       0.546814E-02      162081
    570.000        1.75073       0.479189E-02      118963
    630.000        1.24105       0.410555E-02       84330
    690.000       0.877660       0.349452E-02       59638
    750.000       0.629681       0.298399E-02       42787
    810.000       0.442132       0.251553E-02       30043
    870.000       0.321984       0.215490E-02       21879
    930.000       0.235113       0.184647E-02       15976
    990.000       0.174435       0.159350E-02       11853
    1050.00       0.127623       0.136502E-02        8672
    1110.00       0.935674E-01   0.117003E-02        6358
    1170.00       0.689066E-01   0.100487E-02        4682
    1230.00       0.538475E-01   0.888696E-03        3659
    1290.00       0.399109E-01   0.765430E-03        2712
    1350.00       0.304182E-01   0.668420E-03        2067
    1410.00       0.241796E-01   0.596077E-03        1643
    1470.00       0.182039E-01   0.517287E-03        1237
    10.0000       0.800705       0.589612E-02       36272
    30.0000        2.32012       0.987474E-02      105102
    50.0000        3.64654       0.121998E-01      165190
    70.0000        4.48661       0.134043E-01      203246
    90.0000        4.75513       0.137572E-01      215410
    110.000        4.41630       0.133095E-01      200060
    130.000        4.03485       0.127769E-01      182780
    150.000        3.58948       0.121117E-01      162604
    170.000        3.06142       0.112512E-01      138684
    190.000        2.58158       0.103866E-01      116946
    210.000        2.14213       0.950672E-02       97040
    230.000        1.74523       0.861778E-02       79060
    250.000        1.40197       0.775238E-02       63510
    270.000        1.10524       0.690497E-02       50068
    290.000       0.878563       0.617097E-02       39800
    310.000       0.694525       0.549745E-02       31462
    330.000       0.538179       0.484716E-02       24380
    350.000       0.413194       0.425277E-02       18718
    370.000       0.330911       0.380914E-02       14990
    390.000       0.250642       0.331789E-02       11354
    10.0000        2.11772       0.945490E-02       47967
    30.0000        4.21357       0.130304E-01       95438
    50.0000        5.10898       0.142018E-01      115720
    70.0000        5.84018       0.150551E-01      132281
    90.0000        7.09786       0.163494E-01      160769
    110.000        8.13491       0.172813E-01      184258
    130.000        7.10085       0.163523E-01      160835
    150.000        2.58259       0.103884E-01       58496
    170.000       0.894351       0.622524E-02       20257
    190.000       0.422564       0.430034E-02        9571
    210.000       0.230235       0.318055E-02        5215
    230.000       0.138852       0.247238E-02        3145
    250.000       0.847682E-01   0.193285E-02        1920
    270.000       0.520523E-01   0.151512E-02        1179
    290.000       0.363823E-01   0.126695E-02         824
    310.000       0.235323E-01   0.101904E-02         533
    330.000       0.172633E-01   0.872876E-03         391
    350.000       0.121840E-01   0.733294E-03         276
    370.000       0.807856E-02   0.597131E-03         183
    390.000       0.675509E-02   0.546075E-03         153
    10.0000        0.00000        0.00000               0
    30.0000       0.619660       0.519682E-02       14035
    50.0000        1.66387       0.842182E-02       37687
    70.0000        2.32073       0.987590E-02       52565
    90.0000        3.16484       0.114266E-01       71684
    110.000        3.98186       0.127003E-01       90190
    130.000        4.34517       0.132126E-01       98420
    150.000        4.26386       0.131004E-01       96578
    170.000        3.89384       0.125718E-01       88196
    190.000        3.43460       0.118679E-01       77794
    210.000        2.93455       0.110310E-01       66468
    230.000        2.43825       0.101099E-01       55227
    250.000        1.99928       0.919848E-02       45284
    270.000        1.62957       0.833761E-02       36910
    290.000        1.34493       0.759761E-02       30463
    310.000        1.09522       0.687435E-02       24807
    330.000       0.879595       0.617461E-02       19923
    350.000       0.706618       0.554436E-02       16005
    370.000       0.590677       0.507531E-02       13379
    390.000       0.474785       0.455579E-02       10754
    5.00000        0.00000        0.00000               0
    15.0000       0.829914E-02   0.855947E-03          94
    25.0000       0.329256       0.538262E-02        3729
    35.0000       0.948428       0.910615E-02       10741
    45.0000        1.56898       0.116742E-01       17769
    55.0000        2.19310       0.137568E-01       24837
    65.0000        2.91927       0.158106E-01       33061
    75.0000        3.78071       0.179098E-01       42817
    85.0000        4.81659       0.201018E-01       54548
    95.0000        6.08805       0.224427E-01       68948
    105.000        7.29572       0.244036E-01       82625
    115.000        7.98511       0.254316E-01       90433
    125.000        8.16620       0.256922E-01       92483
    135.000        7.47871       0.246825E-01       84697
    145.000        5.80676       0.219522E-01       65762
    155.000        3.40774       0.170376E-01       38593
    165.000        2.44369       0.145022E-01       27675
    175.000        2.22275       0.138473E-01       25173
    185.000        2.06815       0.133679E-01       23422
    195.000        1.87029       0.127258E-01       21181
    5.00000        0.00000        0.00000               0
    15.0000       0.889195E-01   0.280077E-02        1007
    25.0000       0.808295       0.841277E-02        9154
    35.0000        1.50040       0.114204E-01       16992
    45.0000        2.23583       0.138871E-01       25321
    55.0000        3.08210       0.162315E-01       34905
    65.0000        4.09798       0.186141E-01       46410
    75.0000        5.57655       0.215399E-01       63155
    85.0000        7.29064       0.243957E-01       82567
    95.0000        8.56662       0.262549E-01       97018
    105.000        9.30005       0.272415E-01      105324
    115.000        9.30719       0.272508E-01      105405
    125.000        8.64017       0.263564E-01       97851
    135.000        7.20973       0.242710E-01       81651
    145.000        5.14869       0.207456E-01       58310
    155.000        2.71537       0.152650E-01       30752
    165.000        1.80243       0.124972E-01       20413
    175.000        1.56314       0.116528E-01       17703
    185.000        1.32608       0.107463E-01       15018
    195.000        1.10683       0.982905E-02       12535
    5.00000        0.00000        0.00000               0
    15.0000       0.323346       0.533427E-02        3662
    25.0000        1.53245       0.115398E-01       17355
    35.0000        2.21056       0.138101E-01       25035
    45.0000        2.86367       0.156640E-01       32431
    55.0000        3.54903       0.173740E-01       40193
    65.0000        4.49219       0.194475E-01       50874
    75.0000        5.48326       0.213698E-01       62099
    85.0000        6.04946       0.223762E-01       68511
    95.0000        6.31074       0.228212E-01       71470
    105.000        6.19024       0.226175E-01       70105
    115.000        5.81827       0.219725E-01       65893
    125.000        5.39033       0.211988E-01       61046
    135.000        4.79459       0.200582E-01       54300
    145.000        4.25783       0.189575E-01       48220
    155.000        3.71882       0.177684E-01       42116
    165.000        3.23265       0.166097E-01       36610
    175.000        2.80139       0.154979E-01       31726
    185.000        2.41384       0.144157E-01       27337
    195.000        2.11784       0.135240E-01       23985
    5.00000        0.00000        0.00000               0
    15.0000       0.972187E-01   0.292842E-02        1101
    25.0000        1.13517       0.995263E-02       12856
    35.0000        2.43267       0.144703E-01       27550
    45.0000        3.73162       0.177979E-01       42261
    55.0000        5.05657       0.205697E-01       57266
    65.0000        6.48542       0.231126E-01       73448
    75.0000        8.17606       0.257063E-01       92595
    85.0000        9.73744       0.278048E-01      110277
    95.0000        10.5915       0.288555E-01      119950
    105.000        10.7201       0.290086E-01      121406
    115.000        9.92583       0.280420E-01      112412
    125.000        8.52990       0.262041E-01       96602
    135.000        6.41640       0.229981E-01       72666
    145.000        3.74329       0.178246E-01       42393
    155.000       0.960607       0.916382E-02       10879
    165.000       0.150906       0.364746E-02        1709
    175.000       0.834422E-01   0.271319E-02         945
    185.000       0.546556E-01   0.219616E-02         619
    195.000       0.430003E-01   0.194808E-02         487
    10.0000        0.00000        0.00000               0
    30.0000        0.00000        0.00000               0
    50.0000        3.63635       0.121841E-01       82364
    70.0000        9.71029       0.185066E-01      219941
    90.0000        9.59309       0.184225E-01      217285
    110.000        7.04950       0.163032E-01      159673
    130.000        4.76781       0.137736E-01      107991
    150.000        3.15383       0.114082E-01       71435
    170.000        2.08086       0.937604E-02       47132
    190.000        1.36919       0.766376E-02       31013
    210.000       0.904013       0.625814E-02       20476
    230.000       0.595811       0.509710E-02       13495
    250.000       0.396721       0.416782E-02        8986
    270.000       0.264198       0.340595E-02        5984
    290.000       0.182341       0.283193E-02        4130
    310.000       0.127549       0.236989E-02        2889
    330.000       0.879896E-01   0.196915E-02        1993
    350.000       0.632186E-01   0.166950E-02        1432
    370.000       0.430427E-01   0.137785E-02         975
    390.000       0.289202E-01   0.112966E-02         655
    10.0000        0.00000        0.00000               0
    30.0000        0.00000        0.00000               0
    50.0000        20.9613       0.228850E-01      474777
    70.0000        11.4514       0.196387E-01      259378
    90.0000        5.49520       0.146629E-01      124467
    110.000        2.81875       0.108250E-01       63845
    130.000        1.48470       0.797075E-02       33629
    150.000       0.809788       0.592888E-02       18342
    170.000       0.457781       0.447423E-02       10369
    190.000       0.259599       0.337629E-02        5880
    210.000       0.155939       0.261962E-02        3532
    230.000       0.908601E-01   0.200095E-02        2058
    250.000       0.548361E-01   0.155509E-02        1242
    270.000       0.362924E-01   0.126536E-02         822
    290.000       0.240173E-01   0.102947E-02         544
    310.000       0.148788E-01   0.810366E-03         337
    330.000       0.918235E-02   0.636618E-03         208
    350.000       0.657701E-02   0.538769E-03         149
    370.000       0.459044E-02   0.450106E-03         104
    390.000       0.291374E-02   0.358644E-03          66
    10.0000        0.00000        0.00000               0
    30.0000        0.00000        0.00000               0
    50.0000        12.2988       0.146106E-01      557141
    70.0000        10.5809       0.140547E-01      479319
    90.0000        7.54414       0.119978E-01      341752
    110.000        4.93412       0.100594E-01      223518
    130.000        3.12626       0.821213E-02      141620
    150.000        1.98181       0.663147E-02       89777
    170.000        1.26932       0.534334E-02       57501
    190.000       0.814396       0.429575E-02       36893
    210.000       0.529976       0.347641E-02       24008
    230.000       0.343336       0.280205E-02       15553
    250.000       0.225779       0.226716E-02       10228
    270.000       0.150245       0.185191E-02        6806
    290.000       0.103179       0.153195E-02        4674
    310.000       0.712139E-01   0.127509E-02        3226
    330.000       0.485860E-01   0.105230E-02        2201
    350.000       0.348978E-01   0.890805E-03        1581
    370.000       0.238166E-01   0.734694E-03        1079
    390.000       0.159170E-01   0.604788E-03         721
    5.00000        0.00000        0.00000               0
    15.0000        0.00000        0.00000               0
    25.0000        0.00000        0.00000               0
    35.0000        20.2716       0.376063E-01      229578
    45.0000        16.6128       0.348502E-01      188142
    55.0000        12.9130       0.314285E-01      146242
    65.0000        9.78039       0.278592E-01      110764
    75.0000        7.25003       0.243334E-01       82107
    85.0000        5.36014       0.211430E-01       60704
    95.0000        3.95704       0.183052E-01       44814
    105.000        2.91361       0.157957E-01       32997
    115.000        2.13979       0.135925E-01       24233
    125.000        1.59389       0.117649E-01       18051
    135.000        1.21640       0.102982E-01       13776
    145.000       0.909406       0.891875E-02       10299
    155.000       0.701984       0.784435E-02        7950
    165.000       0.535874       0.685949E-02        6069
    175.000       0.429312       0.614318E-02        4862
    185.000       0.327055       0.536470E-02        3704
    195.000       0.271444       0.488893E-02        3074
    5.00000        0.00000        0.00000               0
    15.0000        0.00000        0.00000               0
    25.0000        0.00000        0.00000               0
    35.0000        20.1356       0.375134E-01      228038
    45.0000        16.6860       0.349113E-01      188970
    55.0000        12.9642       0.314810E-01      146821
    65.0000        9.80291       0.278877E-01      111019
    75.0000        7.25171       0.243359E-01       82126
    85.0000        5.37090       0.211629E-01       60826
    95.0000        3.94590       0.182805E-01       44688
    105.000        2.91385       0.157963E-01       33000
    115.000        2.14327       0.136031E-01       24273
    125.000        1.59768       0.117787E-01       18094
    135.000        1.20995       0.102712E-01       13703
    145.000       0.907731       0.891060E-02       10280
    155.000       0.688467       0.776895E-02        7797
    165.000       0.547202       0.693139E-02        6197
    175.000       0.428257       0.613568E-02        4850
    185.000       0.336414       0.544064E-02        3810
    195.000       0.267381       0.485231E-02        3028
    5.00000        0.00000        0.00000               0
    15.0000        0.00000        0.00000               0
    25.0000        0.00000        0.00000               0
    35.0000        20.2036       0.271267E-01      457616
    45.0000        16.6494       0.251450E-01      377112
    55.0000        12.9386       0.224846E-01      293063
    65.0000        9.79165       0.198215E-01      221783
    75.0000        7.25087       0.172596E-01      164233
    85.0000        5.36552       0.150189E-01      121530
    95.0000        3.95147       0.130010E-01       89502
    105.000        2.91373       0.112503E-01       65997
    115.000        2.14153       0.969246E-02       48506
    125.000        1.59578       0.839603E-02       36145
    135.000        1.21318       0.734450E-02       27479
    145.000       0.908568       0.635759E-02       20579
    155.000       0.695226       0.556847E-02       15747
    165.000       0.541538       0.491157E-02       12266
    175.000       0.428785       0.437454E-02        9712
    185.000       0.331735       0.384585E-02        7514
    195.000       0.269413       0.347252E-02        6102
    5.00000        1.42046       0.111165E-01       16087
    15.0000        3.79035       0.179316E-01       42926
    25.0000        5.59316       0.215700E-01       63343
    35.0000        7.11489       0.241235E-01       80577
    45.0000        8.35272       0.259567E-01       94595
    55.0000        9.54284       0.275565E-01      108074
    65.0000        10.7109       0.289977E-01      121302
    75.0000        10.5924       0.288566E-01      119960
    85.0000        9.09940       0.269771E-01      103051
    95.0000        7.03948       0.240056E-01       79723
    105.000        5.04594       0.205491E-01       57146
    115.000        3.48322       0.172181E-01       39448
    125.000        2.29305       0.140593E-01       25969
    135.000        1.43549       0.111745E-01       16257
    145.000       0.875741       0.875352E-02        9918
    155.000       0.552920       0.696715E-02        6262
    165.000       0.347990       0.553318E-02        3941
    175.000       0.235415       0.455375E-02        2666
    185.000       0.175719       0.393544E-02        1990
    195.000       0.129979       0.338551E-02        1472
    5.00000       0.516723       0.673655E-02        5852
    15.0000        1.62338       0.118715E-01       18385
    25.0000        2.87292       0.156884E-01       32536
    35.0000        4.12877       0.186810E-01       46759
    45.0000        5.21815       0.208772E-01       59096
    55.0000        5.96670       0.222329E-01       67573
    65.0000        6.33968       0.228700E-01       71798
    75.0000        6.49925       0.231356E-01       73605
    85.0000        6.54619       0.232129E-01       74136
    95.0000        6.32006       0.228371E-01       71575
    105.000        5.96916       0.222370E-01       67602
    115.000        5.48188       0.213674E-01       62083
    125.000        4.77606       0.200216E-01       54089
    135.000        3.97726       0.183500E-01       45043
    145.000        3.24078       0.166299E-01       36702
    155.000        2.71848       0.152734E-01       30787
    165.000        2.28663       0.140402E-01       25896
    175.000        1.94963       0.129874E-01       22080
    185.000        1.67009       0.120380E-01       18914
    195.000        1.42640       0.111395E-01       16154
    5.00000        1.23877       0.103913E-01       14029
    15.0000        3.54300       0.173596E-01       40125
    25.0000        4.93948       0.203429E-01       55941
    35.0000        5.84681       0.220229E-01       66215
    45.0000        6.28743       0.227821E-01       71206
    55.0000        6.60134       0.233034E-01       74761
    65.0000        7.01083       0.239605E-01       79398
    75.0000        7.63108       0.249112E-01       86423
    85.0000        7.64364       0.249300E-01       86565
    95.0000        6.96313       0.238851E-01       78858
    105.000        5.97949       0.222550E-01       67719
    115.000        4.92293       0.203108E-01       55753
    125.000        3.94828       0.182860E-01       44714
    135.000        3.04318       0.161320E-01       34464
    145.000        2.35178       0.142338E-01       26634
    155.000        1.79328       0.124661E-01       20309
    165.000        1.45199       0.112374E-01       16444
    175.000        1.15857       0.100535E-01       13121
    185.000       0.955239       0.913853E-02       10818
    195.000       0.815023       0.844744E-02        9230
    5.00000        0.00000        0.00000               0
    15.0000        0.00000        0.00000               0
    25.0000        0.00000        0.00000               0
    35.0000        0.00000        0.00000               0
    45.0000        13.7794       0.322972E-01      156053
    55.0000        13.9314       0.324449E-01      157775
    65.0000        13.1571       0.316776E-01      149005
    75.0000        11.6084       0.300298E-01      131466
    85.0000        9.54538       0.275598E-01      108102
    95.0000        7.48092       0.246858E-01       84722
    105.000        5.58257       0.215509E-01       63223
    115.000        3.99242       0.183834E-01       45215
    125.000        2.77524       0.154274E-01       31430
    135.000        1.88298       0.127680E-01       21325
    145.000        1.28273       0.105716E-01       14527
    155.000       0.855996       0.865533E-02        9694
    165.000       0.591520       0.720487E-02        6699
    175.000       0.421007       0.608374E-02        4768
    185.000       0.316212       0.527548E-02        3581
    195.000       0.238314       0.458152E-02        2699
   -2.85000       0.334059       0.221697E-01         227
   -2.55000        5.04632       0.862923E-01        3429
   -2.25000        27.0976       0.200981           18413
   -1.95000        73.3599       0.331615           49849
   -1.65000        128.802       0.437588           87522
   -1.35000        181.185       0.514256          123116
   -1.05000        224.731       0.564836          152706
  -0.750000        257.265       0.597167          174813
  -0.450000        279.697       0.618190          190056
  -0.150000        292.285       0.629159          198610
   0.150000        292.910       0.629139          199035
   0.450000        280.909       0.619079          190879
   0.750000        257.443       0.598130          174935
    1.05000        224.515       0.564410          152559
    1.35000        182.286       0.514918          123864
    1.65000        129.405       0.439036           87931
    1.95000        73.3173       0.331930           49819
    2.25000        27.0850       0.200874           18404
    2.55000        5.02117       0.859773E-01        3412
    2.85000       0.366431       0.232187E-01         249
   -2.85000        0.00000        0.00000               0
   -2.55000        15.4459       0.151031           10496
   -2.25000        64.3880       0.308559           43752
   -1.95000        95.9253       0.375871           65182
   -1.65000        132.550       0.439659           90069
   -1.35000        172.871       0.498074          117466
   -1.05000        210.338       0.544054          142926
  -0.750000        241.233       0.577577          163919
  -0.450000        263.027       0.599190          178730
  -0.150000        275.662       0.611358          187314
   0.150000        274.496       0.609581          186522
   0.450000        263.147       0.600054          178811
   0.750000        241.431       0.578057          164054
    1.05000        210.566       0.544664          143081
    1.35000        172.257       0.497251          117049
    1.65000        133.671       0.441244           90830
    1.95000        95.9184       0.375872           65177
    2.25000        64.4494       0.308951           43793
    2.55000        15.6918       0.152245           10663
    2.85000        0.00000        0.00000               0
   -2.85000        0.00000        0.00000               0
   -2.55000        14.8610       0.208660            5049
   -2.25000        63.0717       0.426612           21429
   -1.95000        94.6920       0.520100           32172
   -1.65000        131.846       0.610056           44795
   -1.35000        173.790       0.695624           59046
   -1.05000        210.554       0.761043           71536
  -0.750000        241.481       0.810823           82044
  -0.450000        264.381       0.845131           89824
  -0.150000        276.190       0.862066           93836
   0.150000        275.098       0.860520           93466
   0.450000        265.027       0.846067           90044
   0.750000        243.328       0.813659           82672
    1.05000        211.898       0.763297           71993
    1.35000        171.805       0.691870           58371
    1.65000        132.500       0.611503           45017
    1.95000        95.0372       0.521023           32289
    2.25000        62.4104       0.424419           21204
    2.55000        15.0992       0.210316            5130
    2.85000        0.00000        0.00000               0
   -2.85000        0.00000        0.00000               0
   -2.55000        15.0640       0.210073            5118
   -2.25000        61.9891       0.423009           21061
   -1.95000        94.7008       0.520126           32175
   -1.65000        132.102       0.610622           44882
   -1.35000        173.715       0.695487           59020
   -1.05000        209.794       0.759764           71278
  -0.750000        242.816       0.812869           82498
  -0.450000        264.492       0.845283           89862
  -0.150000        275.996       0.861789           93771
   0.150000        275.225       0.860702           93509
   0.450000        264.859       0.845821           89987
   0.750000        242.936       0.813064           82537
    1.05000        210.563       0.761058           71540
    1.35000        172.829       0.693806           58719
    1.65000        132.681       0.611903           45078
    1.95000        94.7188       0.520173           32181
    2.25000        62.9314       0.426152           21381
    2.55000        15.6583       0.214154            5320
    2.85000        0.00000        0.00000               0
   -2.85000        0.00000        0.00000               0
   -2.55000        14.9625       0.148665           10167
   -2.25000        62.5304       0.304438           42490
   -1.95000        94.6964       0.373718           64347
   -1.65000        131.974       0.438831           89677
   -1.35000        173.753       0.499101          118066
   -1.05000        210.174       0.543938          142814
  -0.750000        242.148       0.578742          164542
  -0.450000        264.436       0.600740          179686
  -0.150000        276.093       0.611970          187607
   0.150000        275.162       0.610502          186975
   0.450000        264.943       0.601262          180031
   0.750000        243.132       0.580480          165209
    1.05000        211.231       0.545457          143533
    1.35000        172.317       0.497600          117090
    1.65000        132.590       0.439384           90095
    1.95000        94.8780       0.373856           64470
    2.25000        62.6709       0.304896           42585
    2.55000        15.3787       0.150397           10450
    2.85000        0.00000        0.00000               0
   -2.85000        0.00000        0.00000               0
   -2.55000       0.145717       0.220810E-01          45
   -2.25000        3.52017       0.101732            1196
   -1.95000        26.1012       0.276043            8868
   -1.65000        79.8137       0.478632           27117
   -1.35000        155.758       0.660496           52919
   -1.05000        229.541       0.792102           77988
  -0.750000        289.551       0.880667           98376
  -0.450000        331.839       0.935958          112743
  -0.150000        353.118       0.961939          119973
   0.150000        353.299       0.962150          120035
   0.450000        332.854       0.937225          113088
   0.750000        292.593       0.884815           99410
    1.05000        230.248       0.793233           78227
    1.35000        154.201       0.657358           52390
    1.65000        80.8088       0.481532           27455
    1.95000        25.9755       0.275387            8825
    2.25000        3.60866       0.103004            1226
    2.55000       0.116401       0.194316E-01          36
    2.85000        0.00000        0.00000               0
   -2.85000        0.00000        0.00000               0
   -2.55000       0.447290       0.362770E-01         152
   -2.25000        11.2318       0.181502            3816
   -1.95000        42.2361       0.350258           14350
   -1.65000        94.9754       0.520855           32268
   -1.35000        161.575       0.672074           54896
   -1.05000        225.424       0.785504           76589
  -0.750000        278.894       0.865880           94755
  -0.450000        317.479       0.917757          107864
  -0.150000        337.975       0.943568          114828
   0.150000        338.423       0.944119          114980
   0.450000        318.317       0.918830          108150
   0.750000        280.378       0.867956           95260
    1.05000        225.669       0.785907           76671
    1.35000        160.082       0.669131           54388
    1.65000        95.0632       0.521092           32298
    1.95000        43.1992       0.354178           14677
    2.25000        11.2555       0.181695            3824
    2.55000       0.444416       0.361634E-01         151
    2.85000        0.00000        0.00000               0
   0.587500        71.3984       0.596318           14150
   0.762500        96.4498       0.691480           19115
   0.937500        119.067       0.766680           23598
    1.11250        145.844       0.846413           28905
    1.28750        170.605       0.913344           33812
    1.46250        198.030       0.981488           39247
    1.63750        231.706        1.05830           45922
    1.81250        264.876        1.12797           52496
    1.98750        300.642        1.19762           59584
    2.16250        336.830        1.26325           66756
    2.33750        379.860        1.33592           75284
    2.51250        416.184        1.39340           82483
    2.68750        453.785        1.44961           89936
    2.86250        483.583        1.49203           95841
    3.03750        503.828        1.51988           99854
    3.21250        350.700        1.28727           69505
    3.38750        198.264       0.982045           39294
    3.56250        123.308       0.779915           24438
    3.73750        78.3503       0.624271           15528
    3.91250        49.3863       0.496941            9788
   0.100000        0.00000        0.00000               0
   0.300000        0.00000        0.00000               0
   0.500000        64.3126       0.529293           14567
   0.700000        91.4744       0.629447           20719
   0.900000        117.221       0.710600           26551
    1.10000        145.421       0.789106           32938
    1.30000        175.933       0.865120           39849
    1.50000        205.553       0.932133           46558
    1.70000        243.039        1.00945           55049
    1.90000        281.329        1.08152           63722
    2.10000        325.206        1.15718           73660
    2.30000        369.245        1.22699           83635
    2.50000        412.075        1.28997           93336
    2.70000        453.670        1.34713          102757
    2.90000        478.358        1.37938          108349
    3.10000        462.299        1.35853          104711
    3.30000        250.750        1.02447           56796
    3.50000        143.972       0.785285           32610
    3.70000        85.5491       0.609098           19377
    3.90000        50.3446       0.468991           11403
   0.100000        0.00000        0.00000               0
   0.300000        0.00000        0.00000               0
   0.500000        125.447       0.734473           28414
   0.700000        187.561       0.892132           42483
   0.900000        236.685       0.996857           53610
    1.10000        261.662        1.04528           59267
    1.30000        270.134        1.06109           61186
    1.50000        267.611        1.05641           60615
    1.70000        266.157        1.05371           60285
    1.90000        264.719        1.05102           59959
    2.10000        276.019        1.07189           62519
    2.30000        300.226        1.11493           68002
    2.50000        331.893        1.16815           75174
    2.70000        379.810        1.24296           86027
    2.90000        425.457        1.30876           96367
    3.10000        421.368        1.30306           95441
    3.30000        186.722       0.890217           42293
    3.50000        95.9631       0.644397           21736
    3.70000        52.2421       0.477650           11833
    3.90000        29.7488       0.361290            6738
   0.100000        0.00000        0.00000               0
   0.300000        0.00000        0.00000               0
   0.500000        83.9415       0.603450           19013
   0.700000        141.884       0.779743           32137
   0.900000        206.343       0.933845           46737
    1.10000        264.666        1.05092           59947
    1.30000        306.814        1.12628           69494
    1.50000        327.630        1.16117           74209
    1.70000        339.791        1.18093           76963
    1.90000        343.410        1.18672           77783
    2.10000        344.279        1.18810           77980
    2.30000        344.660        1.18872           78066
    2.50000        346.910        1.19228           78576
    2.70000        349.405        1.19623           79141
    2.90000        353.125        1.20208           79984
    3.10000        329.068        1.16352           74535
    3.30000        150.571       0.802511           34105
    3.50000        78.9802       0.585654           17889
    3.70000        43.7964       0.437722            9920
    3.90000        25.8680       0.337041            5859
   0.100000        0.00000        0.00000               0
   0.300000        0.00000        0.00000               0
   0.500000        125.660       0.735082           28462
   0.700000        187.729       0.892516           42521
   0.900000        235.475       0.994434           53336
    1.10000        259.359        1.04094           58745
    1.30000        268.964        1.05892           60921
    1.50000        268.889        1.05877           60904
    1.70000        267.775        1.05672           60651
    1.90000        266.702        1.05471           60409
    2.10000        277.388        1.07438           62829
    2.30000        300.588        1.11555           68084
    2.50000        332.872        1.16975           75396
    2.70000        378.703        1.24130           85777
    2.90000        423.607        1.30618           95948
    3.10000        419.095        1.29988           94926
    3.30000        188.445       0.894150           42683
    3.50000        95.2924       0.642187           21584
    3.70000        52.7672       0.480012           11952
    3.90000        30.1014       0.363410            6818
   0.100000        0.00000        0.00000               0
   0.300000        0.00000        0.00000               0
   0.500000        82.8853       0.599702           18774
   0.700000        141.720       0.779310           32100
   0.900000        206.169       0.933467           46698
    1.10000        263.155        1.04808           59605
    1.30000        305.774        1.12449           69259
    1.50000        332.733        1.16951           75365
    1.70000        341.107        1.18304           77261
    1.90000        342.181        1.18476           77505
    2.10000        343.190        1.18637           77733
    2.30000        343.922        1.18754           77899
    2.50000        348.058        1.19411           78836
    2.70000        349.363        1.19616           79131
    2.90000        352.774        1.20154           79904
    3.10000        330.156        1.16531           74781
    3.30000        150.232       0.801640           34028
    3.50000        77.3865       0.579812           17528
    3.70000        44.4398       0.440893           10066
    3.90000        25.7393       0.336201            5830
    3.02500        0.00000        0.00000               0
    3.07500        0.00000        0.00000               0
    3.12500        2646.56        6.35086          149863
    3.17500        4191.15        7.61279          237326
    3.22500        2269.34        5.94703          128503
    3.27500        1638.89        5.14650           92803
    3.32500        1258.37        4.55790           71256
    3.37500        1006.58        4.10484           56998
    3.42500        819.136        3.72185           46384
    3.47500        671.574        3.38340           38028
    3.52500        551.324        3.07544           31219
    3.57500        454.406        2.79926           25731
    3.62500        375.622        2.55037           21270
    3.67500        313.181        2.33260           17734
    3.72500        256.102        2.11250           14502
    3.77500        215.243        1.93876           12188
    3.82500        175.436        1.75215            9934
    3.87500        147.162        1.60594            8333
    3.92500        120.972        1.45704            6850
    3.97500        98.6988        1.31683            5589
   -2.85000        0.00000        0.00000               0
   -2.55000       0.450437       0.364129E-01         153
   -2.25000        11.1581       0.180906            3791
   -1.95000        43.0900       0.353735           14640
   -1.65000        95.9662       0.523482           32605
   -1.35000        161.847       0.672616           54988
   -1.05000        225.181       0.785116           76506
  -0.750000        279.373       0.866556           94918
  -0.450000        316.260       0.916185          107450
  -0.150000        337.101       0.942483          114532
   0.150000        335.932       0.941042          114134
   0.450000        316.538       0.916546          107545
   0.750000        281.899       0.870087           95776
    1.05000        225.552       0.785714           76632
    1.35000        162.035       0.672978           55052
    1.65000        95.0486       0.521050           32293
    1.95000        43.6588       0.356033           14833
    2.25000        11.6027       0.184466            3942
    2.55000       0.373882       0.331744E-01         127
    2.85000        0.00000        0.00000               0
    5.00000        0.00000        0.00000               0
    15.0000        0.00000        0.00000               0
    25.0000        0.00000        0.00000               0
    35.0000        4.91700       0.202993E-01       55685
    45.0000        11.6793       0.301090E-01      132269
    55.0000        13.6113       0.321321E-01      154149
    65.0000        12.6028       0.311062E-01      142729
    75.0000        10.4172       0.286463E-01      117975
    85.0000        8.22111       0.257705E-01       93105
    95.0000        6.28265       0.227740E-01       71152
    105.000        4.75861       0.199868E-01       53892
    115.000        3.54538       0.173654E-01       40152
    125.000        2.67245       0.151473E-01       30266
    135.000        2.06311       0.133520E-01       23365
    145.000        1.56680       0.116663E-01       17744
    155.000        1.19778       0.102200E-01       13565
    165.000       0.952840       0.912708E-02       10791
    175.000       0.747368       0.809201E-02        8464
    185.000       0.584621       0.716293E-02        6621
    195.000       0.474452       0.645670E-02        5373
    5.00000        0.00000        0.00000               0
    15.0000        0.00000        0.00000               0
    25.0000        0.00000        0.00000               0
    35.0000        35.4902       0.445213E-01      401931
    45.0000        21.6195       0.384917E-01      244843
    55.0000        12.2660       0.307491E-01      138914
    65.0000        6.98046       0.239126E-01       79054
    75.0000        4.08457       0.185852E-01       46258
    85.0000        2.50993       0.146924E-01       28425
    95.0000        1.62029       0.118604E-01       18350
    105.000        1.06886       0.966093E-02       12105
    115.000       0.737667       0.803977E-02        8354
    125.000       0.519115       0.675206E-02        5879
    135.000       0.363251       0.565267E-02        4114
    145.000       0.250338       0.469553E-02        2835
    155.000       0.192675       0.412060E-02        2182
    165.000       0.130236       0.338876E-02        1475
    175.000       0.110202       0.311767E-02        1248
    185.000       0.788484E-01   0.263746E-02         893
    195.000       0.643729E-01   0.238335E-02         729
   -2.85000        0.00000        0.00000               0
   -2.55000        13.6396       0.199939            4634
   -2.25000        58.1179       0.409835           19746
   -1.95000        91.6280       0.511868           31131
   -1.65000        130.318       0.606657           44276
   -1.35000        173.688       0.695436           59011
   -1.05000        212.082       0.763605           72055
  -0.750000        244.426       0.815343           83045
  -0.450000        267.454       0.849583           90868
  -0.150000        278.405       0.865186           94589
   0.150000        278.349       0.865109           94571
   0.450000        268.706       0.851388           91294
   0.750000        246.376       0.818325           83707
    1.05000        213.164       0.765413           72423
    1.35000        172.175       0.692572           58497
    1.65000        130.658       0.607423           44391
    1.95000        91.7677       0.512251           31178
    2.25000        58.2724       0.410378           19798
    2.55000        13.8425       0.201414            4703
    2.85000        0.00000        0.00000               0
   -2.85000        0.00000        0.00000               0
   -2.55000        16.2855       0.218383            5533
   -2.25000        66.9428       0.439241           22744
   -1.95000        97.7647       0.528211           33216
   -1.65000        133.631       0.613996           45401
   -1.35000        173.818       0.695677           59055
   -1.05000        208.265       0.757183           70759
  -0.750000        239.871       0.808331           81497
  -0.450000        261.419       0.840797           88818
  -0.150000        273.780       0.858652           93018
   0.150000        271.974       0.856078           92404
   0.450000        261.180       0.840451           88737
   0.750000        239.887       0.808361           81502
    1.05000        209.297       0.758922           71110
    1.35000        172.459       0.693108           58593
    1.65000        134.522       0.615948           45704
    1.95000        97.9883       0.528797           33292
    2.25000        67.0695       0.439648           22787
    2.55000        16.9150       0.222538            5747
    2.85000        0.00000        0.00000               0
