   0.500000        906.377       0.267654          999896
    330.000       0.363755       0.231834E-02       24077
    390.000        3.10811       0.617557E-02      205728
    450.000        3.08408       0.615715E-02      204138
    510.000        2.38426       0.555257E-02      157816
    570.000        1.74467       0.485581E-02      115481
    630.000        1.24032       0.416341E-02       82097
    690.000       0.875662       0.353964E-02       57961
    750.000       0.625646       0.301575E-02       41412
    810.000       0.446709       0.256254E-02       29568
    870.000       0.320317       0.217835E-02       21203
    930.000       0.232451       0.186077E-02       15386
    990.000       0.170250       0.159549E-02       11269
    1050.00       0.122704       0.135646E-02        8122
    1110.00       0.944729E-01   0.119129E-02        6253
    1170.00       0.698283E-01   0.102493E-02        4622
    1230.00       0.519429E-01   0.884475E-03        3438
    1290.00       0.378610E-01   0.755444E-03        2506
    1350.00       0.289017E-01   0.660213E-03        1913
    1410.00       0.232193E-01   0.591839E-03        1537
    1470.00       0.171337E-01   0.508529E-03        1134
    10.0000       0.851005       0.615705E-02       37552
    30.0000        2.45380       0.102819E-01      108280
    50.0000        3.81163       0.126291E-01      168196
    70.0000        4.67041       0.138479E-01      206092
    90.0000        4.81979       0.140442E-01      212684
    110.000        4.52190       0.136485E-01      199538
    130.000        4.11755       0.130820E-01      181698
    150.000        3.66123       0.123977E-01      161558
    170.000        3.15903       0.115787E-01      139398
    190.000        2.67018       0.107010E-01      117828
    210.000        2.21009       0.978316E-02       97524
    230.000        1.78389       0.882869E-02       78718
    250.000        1.41204       0.788520E-02       62310
    270.000        1.11759       0.703644E-02       49316
    290.000       0.881052       0.626285E-02       38878
    310.000       0.694713       0.557187E-02       30656
    330.000       0.544962       0.494247E-02       24048
    350.000       0.414331       0.431523E-02       18284
    370.000       0.334438       0.388014E-02       14758
    390.000       0.257478       0.340719E-02       11362
    10.0000        2.29342       0.995703E-02       50601
    30.0000        4.47437       0.135837E-01       98720
    50.0000        5.43637       0.148126E-01      119945
    70.0000        6.20368       0.156856E-01      136875
    90.0000        7.55153       0.170350E-01      166615
    110.000        8.56400       0.179218E-01      188952
    130.000        6.85340       0.163627E-01      151212
    150.000        2.16237       0.968171E-02       47710
    170.000       0.794251       0.595166E-02       17524
    190.000       0.388790       0.418128E-02        8578
    210.000       0.214929       0.311436E-02        4742
    230.000       0.127949       0.240502E-02        2823
    250.000       0.804913E-01   0.190842E-02        1776
    270.000       0.533441E-01   0.155403E-02        1177
    290.000       0.335381E-01   0.123247E-02         740
    310.000       0.242025E-01   0.104708E-02         534
    330.000       0.151834E-01   0.829426E-03         335
    350.000       0.129168E-01   0.765024E-03         285
    370.000       0.901945E-02   0.639313E-03         199
    390.000       0.521189E-02   0.485982E-03         115
    10.0000        0.00000        0.00000               0
    30.0000       0.669830       0.547254E-02       14779
    50.0000        1.70995       0.865044E-02       37728
    70.0000        2.35510       0.100835E-01       51962
    90.0000        3.27065       0.117674E-01       72162
    110.000        4.17298       0.131619E-01       92071
    130.000        4.56238       0.137031E-01      100663
    150.000        4.43760       0.135332E-01       97909
    170.000        4.06333       0.130034E-01       89652
    190.000        3.54382       0.122128E-01       78189
    210.000        2.98368       0.112740E-01       65830
    230.000        2.48522       0.103440E-01       54833
    250.000        2.03336       0.940125E-02       44863
    270.000        1.65258       0.850922E-02       36462
    290.000        1.34046       0.768857E-02       29575
    310.000        1.08725       0.694240E-02       23989
    330.000       0.887085       0.628391E-02       19572
    350.000       0.704462       0.561026E-02       15543
    370.000       0.585755       0.512199E-02       12924
    390.000       0.471944       0.460284E-02       10413
    5.00000        0.00000        0.00000               0
    15.0000       0.978818E-02   0.941813E-03         108
    25.0000       0.382727       0.587878E-02        4222
    35.0000        1.05066       0.970704E-02       11591
    45.0000        1.69784       0.122993E-01       18730
    55.0000        2.41711       0.146209E-01       26665
    65.0000        3.16532       0.166667E-01       34919
    75.0000        4.12691       0.189351E-01       45527
    85.0000        5.23045       0.211928E-01       57702
    95.0000        6.52594       0.235090E-01       71993
    105.000        7.73532       0.254273E-01       85335
    115.000        8.40147       0.264031E-01       92682
    125.000        8.36618       0.263528E-01       92294
    135.000        7.41491       0.249388E-01       81800
    145.000        5.42359       0.215584E-01       59832
    155.000        3.02144       0.162956E-01       33332
    165.000        2.50206       0.148690E-01       27602
    175.000        2.26953       0.141782E-01       25037
    185.000        2.07111       0.135581E-01       22848
    195.000        1.88925       0.129612E-01       20842
    5.00000        0.00000        0.00000               0
    15.0000       0.845709E-01   0.276752E-02         933
    25.0000       0.872129       0.885219E-02        9621
    35.0000        1.62067       0.120212E-01       17879
    45.0000        2.41375       0.146108E-01       26628
    55.0000        3.30200       0.170106E-01       36427
    65.0000        4.36502       0.194494E-01       48154
    75.0000        5.97348       0.225587E-01       65898
    85.0000        7.74716       0.254452E-01       85465
    95.0000        9.09277       0.273632E-01      100310
    105.000        9.71075       0.281805E-01      107127
    115.000        9.65455       0.281077E-01      106507
    125.000        8.71758       0.268483E-01       96171
    135.000        7.07413       0.244041E-01       78040
    145.000        4.74566       0.202389E-01       52353
    155.000        2.43181       0.146640E-01       26827
    165.000        1.86462       0.128782E-01       20570
    175.000        1.56856       0.118295E-01       17304
    185.000        1.33362       0.109209E-01       14712
    195.000        1.13328       0.100775E-01       12502
    5.00000        0.00000        0.00000               0
    15.0000       0.356252       0.567255E-02        3930
    25.0000        1.57463       0.118520E-01       17371
    35.0000        2.28431       0.142233E-01       25200
    45.0000        2.93973       0.160807E-01       32430
    55.0000        3.70312       0.179764E-01       40852
    65.0000        4.66349       0.200716E-01       51447
    75.0000        5.67798       0.220285E-01       62638
    85.0000        6.29327       0.231150E-01       69426
    95.0000        6.56057       0.235668E-01       72375
    105.000        6.39104       0.232816E-01       70505
    115.000        6.03612       0.226691E-01       66589
    125.000        5.52732       0.217518E-01       60976
    135.000        4.89704       0.205427E-01       54023
    145.000        4.31193       0.193359E-01       47569
    155.000        3.77974       0.181544E-01       41697
    165.000        3.28875       0.169776E-01       36281
    175.000        2.87105       0.158972E-01       31673
    185.000        2.47121       0.147794E-01       27262
    195.000        2.14787       0.138016E-01       23695
    5.00000        0.00000        0.00000               0
    15.0000       0.943591E-01   0.292312E-02        1041
    25.0000        1.25304       0.105902E-01       13823
    35.0000        2.65538       0.153055E-01       29294
    45.0000        4.03218       0.187259E-01       44482
    55.0000        5.47609       0.216568E-01       60411
    65.0000        6.94574       0.241984E-01       76624
    75.0000        8.75700       0.269030E-01       96605
    85.0000        10.3180       0.289498E-01      113827
    95.0000        11.1733       0.299809E-01      123262
    105.000        11.0718       0.298613E-01      122142
    115.000        10.1656       0.287598E-01      112144
    125.000        8.42692       0.264393E-01       92964
    135.000        6.07469       0.227367E-01       67015
    145.000        3.12797       0.165712E-01       34507
    155.000       0.544079       0.700352E-02        6002
    165.000       0.124640       0.335916E-02        1375
    175.000       0.780477E-01   0.265880E-02         861
    185.000       0.564686E-01   0.226171E-02         623
    195.000       0.442352E-01   0.200198E-02         488
    10.0000        0.00000        0.00000               0
    30.0000        0.00000        0.00000               0
    50.0000        4.04027       0.129697E-01       89143
    70.0000        10.3406       0.192627E-01      228152
    90.0000        9.78940       0.188733E-01      215988
    110.000        7.11097       0.166172E-01      156893
    130.000        4.77747       0.139889E-01      105409
    150.000        3.15915       0.115789E-01       69702
    170.000        2.06222       0.946481E-02       45500
    190.000        1.34677       0.770602E-02       29715
    210.000       0.887653       0.628579E-02       19585
    230.000       0.572796       0.506571E-02       12638
    250.000       0.382666       0.414847E-02        8443
    270.000       0.255807       0.339621E-02        5644
    290.000       0.178078       0.283588E-02        3929
    310.000       0.119115       0.232076E-02        2628
    330.000       0.839385E-01   0.194882E-02        1852
    350.000       0.595128E-01   0.164140E-02        1313
    370.000       0.390263E-01   0.132948E-02         861
    390.000       0.292332E-01   0.115071E-02         645
    10.0000        0.00000        0.00000               0
    30.0000        0.00000        0.00000               0
    50.0000        22.0076       0.235649E-01      485566
    70.0000        11.6023       0.200740E-01      255990
    90.0000        5.53470       0.149293E-01      122115
    110.000        2.83251       0.110025E-01       62495
    130.000        1.47317       0.804897E-02       32504
    150.000       0.783441       0.591169E-02       17285
    170.000       0.446889       0.448018E-02        9860
    190.000       0.246152       0.333182E-02        5431
    210.000       0.148158       0.258742E-02        3269
    230.000       0.926832E-01   0.204760E-02        2045
    250.000       0.521682E-01   0.153687E-02        1151
    270.000       0.348095E-01   0.125563E-02         768
    290.000       0.218915E-01   0.995871E-03         483
    310.000       0.140038E-01   0.796531E-03         309
    330.000       0.856662E-02   0.623072E-03         189
    350.000       0.625506E-02   0.532426E-03         138
    370.000       0.448728E-02   0.450966E-03          99
    390.000       0.312775E-02   0.376524E-03          69
    10.0000        0.00000        0.00000               0
    30.0000        0.00000        0.00000               0
    50.0000        13.0239       0.152267E-01      574709
    70.0000        10.9715       0.144487E-01      484142
    90.0000        7.66205       0.122747E-01      338103
    110.000        4.97174       0.102668E-01      219388
    130.000        3.12532       0.832902E-02      137913
    150.000        1.97130       0.670490E-02       86987
    170.000        1.25455       0.539394E-02       55360
    190.000       0.796461       0.431126E-02       35146
    210.000       0.517906       0.348503E-02       22854
    230.000       0.332740       0.279923E-02       14683
    250.000       0.217417       0.225798E-02        9594
    270.000       0.145308       0.184891E-02        6412
    290.000       0.999848E-01   0.153068E-02        4412
    310.000       0.665595E-01   0.124684E-02        2937
    330.000       0.462526E-01   0.103779E-02        2041
    350.000       0.328839E-01   0.876871E-03        1451
    370.000       0.217568E-01   0.712068E-03         960
    390.000       0.161805E-01   0.608723E-03         714
    5.00000        0.00000        0.00000               0
    15.0000        0.00000        0.00000               0
    25.0000        0.00000        0.00000               0
    35.0000        21.1809       0.388642E-01      233663
    45.0000        17.2454       0.359406E-01      190248
    55.0000        13.3062       0.323192E-01      146791
    65.0000        10.0024       0.285543E-01      110344
    75.0000        7.38819       0.248973E-01       81505
    85.0000        5.40080       0.215158E-01       59581
    95.0000        3.98455       0.186196E-01       43957
    105.000        2.91368       0.160114E-01       32143
    115.000        2.14003       0.137770E-01       23608
    125.000        1.58405       0.118868E-01       17475
    135.000        1.19943       0.103638E-01       13232
    145.000       0.903761       0.900987E-02        9970
    155.000       0.717396       0.803493E-02        7914
    165.000       0.552575       0.705754E-02        6096
    175.000       0.427407       0.621100E-02        4715
    185.000       0.324875       0.541774E-02        3584
    195.000       0.273302       0.497049E-02        3015
    5.00000        0.00000        0.00000               0
    15.0000        0.00000        0.00000               0
    25.0000        0.00000        0.00000               0
    35.0000        21.0566       0.387804E-01      232293
    45.0000        17.2870       0.359749E-01      190706
    55.0000        13.2786       0.322908E-01      146486
    65.0000        10.0479       0.286117E-01      110847
    75.0000        7.41334       0.249363E-01       81782
    85.0000        5.43228       0.215749E-01       59928
    95.0000        3.95976       0.185641E-01       43683
    105.000        2.93105       0.160575E-01       32335
    115.000        2.14206       0.137833E-01       23631
    125.000        1.59050       0.119106E-01       17546
    135.000        1.20733       0.103975E-01       13319
    145.000       0.919152       0.908543E-02       10140
    155.000       0.703347       0.795645E-02        7759
    165.000       0.547693       0.702658E-02        6042
    175.000       0.416245       0.612960E-02        4592
    185.000       0.329139       0.545311E-02        3631
    195.000       0.265959       0.490342E-02        2934
    5.00000        0.00000        0.00000               0
    15.0000        0.00000        0.00000               0
    25.0000        0.00000        0.00000               0
    35.0000        21.1188       0.280361E-01      465956
    45.0000        17.2662       0.259169E-01      380954
    55.0000        13.2924       0.231080E-01      293277
    65.0000        10.0251       0.203238E-01      221191
    75.0000        7.40077       0.176630E-01      163287
    85.0000        5.41654       0.152947E-01      119509
    95.0000        3.97215       0.132143E-01       87640
    105.000        2.92237       0.114271E-01       64478
    115.000        2.14104       0.982837E-02       47239
    125.000        1.58727       0.849172E-02       35021
    135.000        1.20338       0.740273E-02       26551
    145.000       0.911457       0.644909E-02       20110
    155.000       0.710371       0.570629E-02       15673
    165.000       0.550134       0.501910E-02       12138
    175.000       0.421826       0.439888E-02        9307
    185.000       0.327007       0.387278E-02        7215
    195.000       0.269630       0.351854E-02        5949
    5.00000        1.47853       0.114902E-01       16311
    15.0000        3.94572       0.185324E-01       43528
    25.0000        5.82622       0.222964E-01       64274
    35.0000        7.42433       0.249533E-01       81904
    45.0000        8.74662       0.268888E-01       96490
    55.0000        9.90398       0.284291E-01      109259
    65.0000        11.0880       0.298807E-01      122320
    75.0000        10.9308       0.296944E-01      120587
    85.0000        9.32722       0.276777E-01      102896
    95.0000        7.03672       0.243445E-01       77627
    105.000        5.09702       0.209358E-01       56229
    115.000        3.46667       0.174145E-01       38244
    125.000        2.24322       0.140976E-01       24747
    135.000        1.41664       0.112508E-01       15628
    145.000       0.861862       0.880027E-02        9508
    155.000       0.517043       0.682811E-02        5704
    165.000       0.344361       0.557730E-02        3799
    175.000       0.236681       0.462636E-02        2611
    185.000       0.170420       0.392707E-02        1880
    195.000       0.128630       0.341246E-02        1419
    5.00000       0.544987       0.700937E-02        6012
    15.0000        1.72625       0.123998E-01       19044
    25.0000        3.06506       0.164091E-01       33813
    35.0000        4.34797       0.194131E-01       47966
    45.0000        5.45478       0.216169E-01       60176
    55.0000        6.22395       0.229960E-01       68661
    65.0000        6.53793       0.235291E-01       72125
    75.0000        6.79598       0.239555E-01       74972
    85.0000        6.79148       0.239479E-01       74923
    95.0000        6.53856       0.235302E-01       72132
    105.000        6.12371       0.228222E-01       67556
    115.000        5.56327       0.218182E-01       61373
    125.000        4.80216       0.203531E-01       52976
    135.000        3.96578       0.185775E-01       43750
    145.000        3.25985       0.169053E-01       35962
    155.000        2.70068       0.154321E-01       29793
    165.000        2.31903       0.143284E-01       25583
    175.000        1.97513       0.132468E-01       21789
    185.000        1.70819       0.123361E-01       18844
    195.000        1.46159       0.114253E-01       16124
    5.00000        1.29734       0.107732E-01       14312
    15.0000        3.70276       0.179756E-01       40848
    25.0000        5.20358       0.211416E-01       57405
    35.0000        6.02459       0.226486E-01       66463
    45.0000        6.44102       0.233663E-01       71056
    55.0000        6.81685       0.239896E-01       75202
    65.0000        7.30063       0.247610E-01       80539
    75.0000        7.98422       0.257981E-01       88080
    85.0000        7.91500       0.256958E-01       87317
    95.0000        7.17930       0.245707E-01       79200
    105.000        6.11500       0.228072E-01       67459
    115.000        5.02116       0.207878E-01       55392
    125.000        3.94504       0.185309E-01       43521
    135.000        3.02716       0.163106E-01       33395
    145.000        2.29176       0.142459E-01       25282
    155.000        1.79301       0.126331E-01       19780
    165.000        1.42706       0.112915E-01       15743
    175.000        1.17754       0.102701E-01       12990
    185.000       0.967283       0.931801E-02       10671
    195.000       0.806748       0.851668E-02        8900
    5.00000        0.00000        0.00000               0
    15.0000        0.00000        0.00000               0
    25.0000        0.00000        0.00000               0
    35.0000        0.00000        0.00000               0
    45.0000        14.3456       0.333542E-01      158257
    55.0000        14.5209       0.335225E-01      160191
    65.0000        13.6253       0.326434E-01      150311
    75.0000        12.0129       0.309383E-01      132524
    85.0000        9.81513       0.283153E-01      108278
    95.0000        7.64941       0.252976E-01       84387
    105.000        5.65482       0.219862E-01       62383
    115.000        3.98300       0.186160E-01       43940
    125.000        2.73482       0.155265E-01       30170
    135.000        1.84231       0.128023E-01       20324
    145.000        1.24930       0.105745E-01       13782
    155.000       0.829781       0.863643E-02        9154
    165.000       0.578674       0.722129E-02        6384
    175.000       0.413790       0.611152E-02        4565
    185.000       0.309361       0.528706E-02        3413
    195.000       0.234593       0.460589E-02        2588
   -2.85000       0.365595       0.234986E-01         242
   -2.55000        5.26056       0.893143E-01        3482
   -2.25000        28.5733       0.209298           18913
   -1.95000        75.6565       0.341384           50077
   -1.65000        133.755       0.451827           88533
   -1.35000        186.864       0.528400          123686
   -1.05000        229.171       0.577726          151691
  -0.750000        261.984       0.611620          173410
  -0.450000        288.039       0.635166          190656
  -0.150000        300.312       0.646091          198779
   0.150000        300.047       0.645873          198603
   0.450000        287.791       0.635210          190491
   0.750000        262.668       0.611572          173861
    1.05000        229.502       0.578669          151910
    1.35000        187.368       0.529595          124020
    1.65000        134.058       0.452279           88734
    1.95000        75.8010       0.341747           50173
    2.25000        28.1599       0.207468           18639
    2.55000        5.45515       0.909816E-01        3611
    2.85000       0.415460       0.250498E-01         275
   -2.85000        0.00000        0.00000               0
   -2.55000        15.7517       0.154537           10426
   -2.25000        65.9866       0.317103           43677
   -1.95000        99.0238       0.386791           65544
   -1.65000        136.186       0.451894           90143
   -1.35000        177.694       0.511645          117617
   -1.05000        215.074       0.557797          142359
  -0.750000        248.150       0.594488          164253
  -0.450000        270.861       0.616128          179285
  -0.150000        281.539       0.625676          186353
   0.150000        281.622       0.625774          186408
   0.450000        270.622       0.615952          179127
   0.750000        248.744       0.594296          164645
    1.05000        215.675       0.558394          142757
    1.35000        177.353       0.511281          117391
    1.65000        136.460       0.451712           90324
    1.95000        98.7861       0.386306           65387
    2.25000        65.8507       0.317116           43587
    2.55000        15.8769       0.155135           10509
    2.85000        0.00000        0.00000               0
   -2.85000        0.00000        0.00000               0
   -2.55000        15.4493       0.215553            5113
   -2.25000        64.5773       0.437398           21372
   -1.95000        96.9558       0.533266           32088
   -1.65000        136.322       0.628440           45116
   -1.35000        177.119       0.711714           58618
   -1.05000        215.152       0.779640           71205
  -0.750000        248.804       0.833822           82343
  -0.450000        271.885       0.868345           89982
  -0.150000        282.907       0.884166           93629
   0.150000        282.941       0.884211           93641
   0.450000        271.570       0.867887           89877
   0.750000        249.626       0.835087           82615
    1.05000        215.793       0.780717           71418
    1.35000        177.639       0.712699           58790
    1.65000        135.933       0.627585           44987
    1.95000        98.0159       0.536086           32439
    2.25000        64.7224       0.437877           21420
    2.55000        15.8424       0.218266            5243
    2.85000        0.00000        0.00000               0
   -2.85000        0.00000        0.00000               0
   -2.55000        16.1352       0.220263            5340
   -2.25000        64.3838       0.436755           21308
   -1.95000        96.8361       0.532950           32048
   -1.65000        136.686       0.629242           45237
   -1.35000        178.392       0.714118           59039
   -1.05000        216.147       0.781309           71535
  -0.750000        248.307       0.833057           82178
  -0.450000        271.600       0.867936           89887
  -0.150000        283.521       0.885037           93832
   0.150000        283.412       0.884874           93797
   0.450000        269.850       0.865384           89308
   0.750000        248.226       0.832929           82151
    1.05000        215.767       0.780672           71409
    1.35000        177.354       0.712156           58696
    1.65000        136.629       0.629115           45218
    1.95000        97.6552       0.535133           32319
    2.25000        64.3778       0.436735           21306
    2.55000        15.9778       0.219189            5288
    2.85000        0.00000        0.00000               0
   -2.85000        0.00000        0.00000               0
   -2.55000        15.7923       0.154642           10453
   -2.25000        64.4805       0.313323           42680
   -1.95000        96.8959       0.382912           64136
   -1.65000        136.504       0.451884           90353
   -1.35000        177.756       0.512079          117657
   -1.05000        215.650       0.558878          142740
  -0.750000        248.556       0.594360          164521
  -0.450000        271.742       0.617393          179869
  -0.150000        283.214       0.627698          187461
   0.150000        283.176       0.626685          187438
   0.450000        270.710       0.616106          179185
   0.750000        248.926       0.594909          164766
    1.05000        215.780       0.558829          142827
    1.35000        177.496       0.511054          117486
    1.65000        136.281       0.451157           90205
    1.95000        97.8355       0.384364           64758
    2.25000        64.5501       0.313493           42726
    2.55000        15.9101       0.155293           10531
    2.85000        0.00000        0.00000               0
   -2.85000        0.00000        0.00000               0
   -2.55000       0.184926       0.242881E-01          58
   -2.25000        3.91000       0.108630            1294
   -1.95000        27.6691       0.287934            9157
   -1.65000        83.2265       0.495127           27544
   -1.35000        159.440       0.677163           52767
   -1.05000        234.320       0.811103           77549
  -0.750000        298.908       0.906417           98925
  -0.450000        340.530       0.960758          112700
  -0.150000        362.290       0.987339          119902
   0.150000        360.393       0.985070          119274
   0.450000        342.083       0.962702          113213
   0.750000        296.763       0.903481           98215
    1.05000        236.132       0.813995           78148
    1.35000        160.586       0.679464           53147
    1.65000        83.4589       0.495800           27621
    1.95000        27.2247       0.285631            9010
    2.25000        3.98551       0.109672            1319
    2.55000       0.165152       0.227308E-01          53
    2.85000        0.00000        0.00000               0
   -2.85000        0.00000        0.00000               0
   -2.55000       0.489589       0.384627E-01         162
   -2.25000        11.6783       0.187515            3865
   -1.95000        43.6861       0.360911           14458
   -1.65000        97.9906       0.536022           32430
   -1.35000        165.161       0.688574           54661
   -1.05000        230.851       0.805530           76401
  -0.750000        287.834       0.891105           95260
  -0.450000        326.168       0.942557          107947
  -0.150000        345.708       0.967192          114414
   0.150000        346.706       0.968423          114744
   0.450000        326.961       0.943574          108209
   0.750000        286.387       0.889074           94780
    1.05000        231.372       0.806366           76573
    1.35000        165.718       0.689675           54845
    1.65000        98.6712       0.537819           32656
    1.95000        43.4930       0.360124           14394
    2.25000        11.9535       0.189705            3956
    2.55000       0.426123       0.358835E-01         141
    2.85000        0.00000        0.00000               0
   0.587500        72.4240       0.608563           13982
   0.762500        94.3662       0.693298           18218
   0.937500        117.297       0.771369           22645
    1.11250        144.004       0.852622           27801
    1.28750        169.904       0.923965           32801
    1.46250        200.124        1.00002           38635
    1.63750        232.192        1.07401           44826
    1.81250        268.690        1.15145           51873
    1.98750        307.030        1.22648           59275
    2.16250        346.401        1.29797           66875
    2.33750        390.806        1.37290           75447
    2.51250        429.543        1.43405           82926
    2.68750        471.996        1.49715           91121
    2.86250        505.099        1.54382           97513
    3.03750        527.161        1.57381          101772
    3.21250        363.859        1.32810           70245
    3.38750        203.656        1.00848           39317
    3.56250        127.769       0.804302           24667
    3.73750        81.5316       0.645176           15740
    3.91250        50.8861       0.511087            9824
   0.100000        0.00000        0.00000               0
   0.300000        0.00000        0.00000               0
   0.500000        65.7063       0.542090           14497
   0.700000        92.8366       0.642570           20483
   0.900000        118.634       0.724457           26175
    1.10000        150.327       0.812837           33167
    1.30000        178.353       0.882783           39351
    1.50000        212.721       0.960628           46934
    1.70000        250.506        1.03831           55271
    1.90000        286.048        1.10533           63113
    2.10000        332.610        1.18597           73385
    2.30000        377.841        1.25783           83366
    2.50000        427.128        1.33016           94239
    2.70000        465.756        1.38308          102763
    2.90000        493.575        1.41938          108900
    3.10000        472.026        1.39139          104146
    3.30000        259.965        1.05666           57358
    3.50000        148.638       0.808395           32795
    3.70000        88.0639       0.626142           19430
    3.90000        51.1792       0.479131           11292
   0.100000        0.00000        0.00000               0
   0.300000        0.00000        0.00000               0
   0.500000        135.994       0.774267           30005
   0.700000        200.097       0.932921           44149
   0.900000        247.121        1.03164           54523
    1.10000        273.054        1.08143           60246
    1.30000        278.429        1.09140           61431
    1.50000        273.949        1.08310           60443
    1.70000        270.218        1.07613           59620
    1.90000        271.184        1.07793           59833
    2.10000        281.528        1.09709           62115
    2.30000        303.707        1.13678           67009
    2.50000        340.701        1.19924           75171
    2.70000        384.716        1.26827           84883
    2.90000        432.254        1.33736           95371
    3.10000        429.751        1.33385           94818
    3.30000        190.519       0.911235           42035
    3.50000        97.7402       0.658989           21565
    3.70000        54.4163       0.493892           12006
    3.90000        30.2953       0.369422            6684
   0.100000        0.00000        0.00000               0
   0.300000        0.00000        0.00000               0
   0.500000        88.9102       0.629086           19617
   0.700000        151.007       0.814601           33318
   0.900000        218.282       0.972529           48161
    1.10000        276.234        1.08734           60947
    1.30000        317.233        1.16014           69992
    1.50000        336.053        1.19164           74145
    1.70000        350.223        1.21463           77272
    1.90000        348.850        1.21244           76969
    2.10000        349.404        1.21333           77091
    2.30000        351.405        1.21652           77533
    2.50000        352.149        1.21771           77697
    2.70000        356.794        1.22511           78721
    2.90000        360.738        1.23133           79592
    3.10000        335.703        1.19107           74068
    3.30000        153.869       0.822050           33949
    3.50000        79.3752       0.594977           17513
    3.70000        45.2684       0.450880            9988
    3.90000        26.6775       0.346787            5886
   0.100000        0.00000        0.00000               0
   0.300000        0.00000        0.00000               0
   0.500000        135.817       0.773770           29966
   0.700000        199.282       0.931089           43969
   0.900000        247.184        1.03176           54538
    1.10000        272.521        1.08043           60128
    1.30000        278.792        1.09207           61511
    1.50000        274.361        1.08387           60534
    1.70000        269.541        1.07486           59470
    1.90000        269.943        1.07561           59559
    2.10000        281.699        1.09741           62153
    2.30000        305.071        1.13917           67309
    2.50000        340.791        1.19939           75190
    2.70000        385.072        1.26882           84961
    2.90000        432.490        1.33769           95423
    3.10000        428.628        1.33227           94571
    3.30000        191.497       0.913476           42251
    3.50000        97.7299       0.658950           21563
    3.70000        54.7007       0.495162           12069
    3.90000        31.1676       0.374655            6877
   0.100000        0.00000        0.00000               0
   0.300000        0.00000        0.00000               0
   0.500000        87.7990       0.625207           19372
   0.700000        150.125       0.812302           33123
   0.900000        217.350       0.970552           47955
    1.10000        275.216        1.08547           60722
    1.30000        316.588        1.15904           69850
    1.50000        341.794        1.20103           75412
    1.70000        348.047        1.21114           76792
    1.90000        349.975        1.21424           77217
    2.10000        346.332        1.20838           76413
    2.30000        350.073        1.21439           77239
    2.50000        352.981        1.21905           77880
    2.70000        358.267        1.22743           79047
    2.90000        361.859        1.23309           79840
    3.10000        335.047        1.18999           73923
    3.30000        154.994       0.824959           34197
    3.50000        78.7220       0.592562           17369
    3.70000        45.7452       0.453233           10093
    3.90000        26.7267       0.347102            5897
    3.02500        0.00000        0.00000               0
    3.07500        0.00000        0.00000               0
    3.12500        2710.26        6.51377          149495
    3.17500        4294.49        7.81147          236879
    3.22500        2321.07        6.09600          128028
    3.27500        1684.16        5.28614           92896
    3.32500        1303.13        4.69832           71880
    3.37500        1031.83        4.21119           56915
    3.42500        842.613        3.82459           46478
    3.47500        685.693        3.46437           37822
    3.52500        566.747        3.15934           31261
    3.57500        464.396        2.86743           25616
    3.62500        388.753        2.62867           21443
    3.67500        317.931        2.38148           17537
    3.72500        265.527        2.17933           14646
    3.77500        220.471        1.98811           12161
    3.82500        180.787        1.80214            9972
    3.87500        153.249        1.66038            8453
    3.92500        125.168        1.50164            6904
    3.97500        104.065        1.36996            5740
   -2.85000        0.00000        0.00000               0
   -2.55000       0.465392       0.374995E-01         154
   -2.25000        12.0414       0.190400            3985
   -1.95000        45.0789       0.366541           14919
   -1.65000        98.9422       0.538538           32745
   -1.35000        164.609       0.687484           54478
   -1.05000        230.779       0.805413           76377
  -0.750000        286.224       0.888849           94727
  -0.450000        326.464       0.942936          108045
  -0.150000        346.386       0.968031          114638
   0.150000        344.779       0.966045          114106
   0.450000        325.075       0.941140          107585
   0.750000        287.302       0.890360           95084
    1.05000        231.568       0.806682           76638
    1.35000        164.646       0.687559           54490
    1.65000        99.4225       0.539804           32904
    1.95000        44.8828       0.365755           14854
    2.25000        12.1130       0.190958            4009
    2.55000       0.477376       0.379750E-01         158
    2.85000        0.00000        0.00000               0
    5.00000        0.00000        0.00000               0
    15.0000        0.00000        0.00000               0
    25.0000        0.00000        0.00000               0
    35.0000        5.20728       0.211484E-01       57446
    45.0000        12.3426       0.313007E-01      136161
    55.0000        14.1807       0.331941E-01      156438
    65.0000        12.9960       0.319976E-01      143370
    75.0000        10.6929       0.294090E-01      117961
    85.0000        8.30821       0.262696E-01       91655
    95.0000        6.30793       0.231402E-01       69588
    105.000        4.76113       0.202702E-01       52524
    115.000        3.56133       0.176420E-01       39288
    125.000        2.67364       0.153568E-01       29495
    135.000        2.04598       0.134773E-01       22571
    145.000        1.56403       0.118127E-01       17254
    155.000        1.23037       0.104951E-01       13573
    165.000       0.958774       0.927739E-02       10577
    175.000       0.747200       0.819880E-02        8243
    185.000       0.583302       0.725000E-02        6435
    195.000       0.480250       0.658200E-02        5298
    5.00000        0.00000        0.00000               0
    15.0000        0.00000        0.00000               0
    25.0000        0.00000        0.00000               0
    35.0000        37.0302       0.458787E-01      408510
    45.0000        22.1898       0.395210E-01      244793
    55.0000        12.4041       0.313674E-01      136839
    65.0000        7.05423       0.243724E-01       77821
    75.0000        4.10866       0.188950E-01       45326
    85.0000        2.52487       0.149348E-01       27854
    95.0000        1.63637       0.120784E-01       18052
    105.000        1.08360       0.985660E-02       11954
    115.000       0.720756       0.805365E-02        7951
    125.000       0.500905       0.672124E-02        5526
    135.000       0.360771       0.570819E-02        3980
    145.000       0.258886       0.483793E-02        2856
    155.000       0.190372       0.415022E-02        2100
    165.000       0.141493       0.357869E-02        1561
    175.000       0.964515E-01   0.295545E-02        1064
    185.000       0.707111E-01   0.253095E-02         780
    195.000       0.590104E-01   0.231210E-02         651
   -2.85000        0.00000        0.00000               0
   -2.55000        14.0620       0.205687            4654
   -2.25000        60.1414       0.422394           19904
   -1.95000        93.9290       0.525124           31086
   -1.65000        134.922       0.625343           44653
   -1.35000        177.411       0.712269           58714
   -1.05000        217.478       0.783546           71975
  -0.750000        250.822       0.836920           83011
  -0.450000        274.962       0.872808           91000
  -0.150000        288.831       0.892498           95590
   0.150000        286.232       0.888853           94730
   0.450000        273.384       0.870524           90478
   0.750000        252.453       0.839412           83550
    1.05000        216.507       0.781917           71654
    1.35000        177.254       0.711969           58663
    1.65000        134.240       0.623829           44427
    1.95000        94.0821       0.525540           31137
    2.25000        60.1784       0.422525           19916
    2.55000        14.3647       0.207883            4754
    2.85000        0.00000        0.00000               0
   -2.85000        0.00000        0.00000               0
   -2.55000        17.5225       0.229490            5799
   -2.25000        68.8197       0.451239           22776
   -1.95000        99.8629       0.540958           33050
   -1.65000        138.086       0.632317           45700
   -1.35000        178.100       0.713563           58943
   -1.05000        213.821       0.777388           70765
  -0.750000        246.289       0.829937           81510
  -0.450000        268.522       0.863438           88869
  -0.150000        277.597       0.876598           91871
   0.150000        280.121       0.880200           92708
   0.450000        268.036       0.862721           88707
   0.750000        245.399       0.828557           81216
    1.05000        215.053       0.779470           71173
    1.35000        177.738       0.712883           58823
    1.65000        138.322       0.632834           45778
    1.95000        101.589       0.545470           33621
    2.25000        68.9219       0.451566           22810
    2.55000        17.4556       0.229051            5777
    2.85000        0.00000        0.00000               0
