   0.500000        930.023       0.227278         1949910
    330.000       0.576457       0.210528E-02       72499
    390.000        3.28670       0.460784E-02      413455
    450.000        3.11380       0.451218E-02      391710
    510.000        2.40032       0.405830E-02      301958
    570.000        1.74037       0.353013E-02      218938
    630.000        1.23559       0.302165E-02      155438
    690.000       0.869984       0.256375E-02      109443
    750.000       0.618110       0.217723E-02       77759
    810.000       0.440894       0.184842E-02       55465
    870.000       0.318099       0.157566E-02       40018
    930.000       0.228168       0.133795E-02       28704
    990.000       0.168211       0.115079E-02       21161
    1050.00       0.122003       0.981366E-03       15348
    1110.00       0.905218E-01   0.846075E-03       11388
    1170.00       0.677758E-01   0.732596E-03        8526
    1230.00       0.518211E-01   0.640878E-03        6519
    1290.00       0.389368E-01   0.555739E-03        4898
    1350.00       0.294086E-01   0.483135E-03        3699
    1410.00       0.233418E-01   0.430497E-03        2936
    1470.00       0.166771E-01   0.363925E-03        2098
    10.0000       0.878811       0.453964E-02       73700
    30.0000        2.55118       0.760872E-02      213952
    50.0000        3.99925       0.938735E-02      335398
    70.0000        4.83365       0.102317E-01      405372
    90.0000        4.92135       0.103146E-01      412734
    110.000        4.62216       0.100274E-01      387636
    130.000        4.23889       0.964101E-02      355492
    150.000        3.77406       0.914068E-02      316508
    170.000        3.25238       0.853049E-02      272762
    190.000        2.72428       0.784900E-02      228468
    210.000        2.24872       0.716494E-02      188590
    230.000        1.81131       0.645820E-02      151908
    250.000        1.44066       0.578068E-02      120822
    270.000        1.14224       0.516230E-02       95794
    290.000       0.894503       0.457928E-02       75016
    310.000       0.696337       0.404798E-02       58400
    330.000       0.540218       0.357081E-02       45306
    350.000       0.422675       0.316202E-02       35450
    370.000       0.334866       0.281690E-02       28084
    390.000       0.253450       0.245256E-02       21256
    10.0000        2.46274       0.748229E-02      103266
    30.0000        4.80597       0.102052E-01      201521
    50.0000        5.81469       0.111063E-01      243818
    70.0000        6.63214       0.117572E-01      278096
    90.0000        8.01803       0.127313E-01      336210
    110.000        8.93088       0.132984E-01      374492
    130.000        6.36916       0.115543E-01      267091
    150.000        1.83570       0.649966E-02       76983
    170.000       0.715718       0.410298E-02       30015
    190.000       0.360856       0.292333E-02       15133
    210.000       0.200859       0.218439E-02        8423
    230.000       0.123206       0.171200E-02        5167
    250.000       0.728065E-01   0.131676E-02        3053
    270.000       0.482447E-01   0.107215E-02        2023
    290.000       0.313694E-01   0.864799E-03        1315
    310.000       0.211753E-01   0.710457E-03         888
    330.000       0.143288E-01   0.584407E-03         601
    350.000       0.958688E-02   0.478109E-03         402
    370.000       0.784675E-02   0.432575E-03         329
    390.000       0.548245E-02   0.361483E-03         230
    10.0000        0.00000        0.00000               0
    30.0000       0.689878       0.402950E-02       28928
    50.0000        1.72233       0.630308E-02       72223
    70.0000        2.40872       0.740367E-02      101003
    90.0000        3.39830       0.870692E-02      142497
    110.000        4.36853       0.977426E-02      183180
    130.000        4.75495       0.101563E-01      199385
    150.000        4.64354       0.100480E-01      194712
    170.000        4.21754       0.961882E-02      176851
    190.000        3.64184       0.899116E-02      152711
    210.000        3.07000       0.830321E-02      128734
    230.000        2.52374       0.756976E-02      105828
    250.000        2.06245       0.687446E-02       86483
    270.000        1.67590       0.622044E-02       70276
    290.000        1.35061       0.560203E-02       56635
    310.000        1.09243       0.505081E-02       45810
    330.000       0.880677       0.454427E-02       36930
    350.000       0.712016       0.409264E-02       29858
    370.000       0.579526       0.369707E-02       24301
    390.000       0.467230       0.332312E-02       19593
    5.00000        0.00000        0.00000               0
    15.0000       0.145999E-01   0.834571E-03         306
    25.0000       0.426616       0.450184E-02        8944
    35.0000        1.16347       0.740831E-02       24392
    45.0000        1.87417       0.937027E-02       39293
    55.0000        2.61579       0.110302E-01       54842
    65.0000        3.46649       0.126451E-01       72676
    75.0000        4.44304       0.142470E-01       93151
    85.0000        5.63260       0.159464E-01      118090
    95.0000        7.01856       0.176762E-01      147148
    105.000        8.17124       0.189598E-01      171315
    115.000        8.77249       0.195839E-01      183926
    125.000        8.57055       0.193777E-01      179692
    135.000        7.28813       0.179872E-01      152810
    145.000        4.86921       0.148820E-01      102098
    155.000        2.87706       0.115529E-01       60323
    165.000        2.53824       0.108694E-01       53218
    175.000        2.31604       0.103941E-01       48558
    185.000        2.14248       0.100052E-01       44921
    195.000        1.90851       0.945385E-02       40016
    5.00000        0.00000        0.00000               0
    15.0000       0.966339E-01   0.214591E-02        2026
    25.0000       0.930891       0.663385E-02       19517
    35.0000        1.75068       0.906180E-02       36703
    45.0000        2.57960       0.109557E-01       54082
    55.0000        3.51494       0.127301E-01       73693
    65.0000        4.71011       0.146494E-01       98751
    75.0000        6.37083       0.168960E-01      133568
    85.0000        8.26003       0.190542E-01      173178
    95.0000        9.54766       0.203491E-01      200178
    105.000        10.1410       0.209067E-01      212616
    115.000        9.91275       0.206948E-01      207835
    125.000        8.84547       0.196580E-01      185458
    135.000        6.90330       0.175398E-01      144743
    145.000        4.20121       0.138695E-01       88091
    155.000        2.26912       0.102903E-01       47577
    165.000        1.88612       0.939935E-02       39545
    175.000        1.58021       0.861621E-02       33131
    185.000        1.35229       0.797930E-02       28353
    195.000        1.15282       0.737441E-02       24171
    5.00000        0.00000        0.00000               0
    15.0000       0.364153       0.416034E-02        7635
    25.0000        1.63494       0.876186E-02       34278
    35.0000        2.36851       0.105084E-01       49658
    45.0000        3.06217       0.119081E-01       64203
    55.0000        3.85359       0.133069E-01       80794
    65.0000        4.87144       0.148863E-01      102134
    75.0000        5.90544       0.163054E-01      123812
    85.0000        6.55628       0.171241E-01      137459
    95.0000        6.77916       0.173928E-01      142135
    105.000        6.59914       0.171762E-01      138359
    115.000        6.18912       0.166687E-01      129761
    125.000        5.58981       0.158887E-01      117198
    135.000        5.01499       0.150929E-01      105147
    145.000        4.41708       0.142070E-01       92608
    155.000        3.85489       0.133092E-01       80821
    165.000        3.35025       0.124381E-01       70243
    175.000        2.90926       0.116156E-01       60998
    185.000        2.50237       0.107942E-01       52466
    195.000        2.16156       0.100488E-01       45321
    5.00000        0.00000        0.00000               0
    15.0000       0.111138       0.230122E-02        2330
    25.0000        1.35545       0.798870E-02       28418
    35.0000        2.89545       0.115892E-01       60703
    45.0000        4.36787       0.141313E-01       91574
    55.0000        5.87221       0.162623E-01      123115
    65.0000        7.52851       0.182594E-01      157840
    75.0000        9.34901       0.201572E-01      196007
    85.0000        10.9745       0.216536E-01      230088
    95.0000        11.7045       0.222753E-01      245397
    105.000        11.4463       0.220584E-01      239985
    115.000        10.3101       0.210609E-01      216170
    125.000        8.35340       0.191519E-01      175142
    135.000        5.62391       0.159337E-01      117923
    145.000        2.33906       0.104428E-01       49053
    155.000       0.289778       0.371212E-02        6077
    165.000       0.107884       0.226720E-02        2262
    175.000       0.699551E-01   0.182583E-02        1467
    185.000       0.515581E-01   0.156776E-02        1081
    195.000       0.363354E-01   0.131607E-02         762
    10.0000        0.00000        0.00000               0
    30.0000        0.00000        0.00000               0
    50.0000        4.45004       0.985665E-02      186594
    70.0000        10.9473       0.143793E-01      459040
    90.0000        10.0676       0.139343E-01      422158
    110.000        7.15035       0.121389E-01      299834
    130.000        4.78339       0.101837E-01      200583
    150.000        3.14861       0.840220E-02      132030
    170.000        2.03849       0.683583E-02       85482
    190.000        1.32363       0.554714E-02       55505
    210.000       0.861788       0.449604E-02       36139
    230.000       0.563233       0.364528E-02       23618
    250.000       0.367630       0.295057E-02       15416
    270.000       0.247756       0.242489E-02       10390
    290.000       0.163411       0.197106E-02        6852
    310.000       0.114010       0.164708E-02        4781
    330.000       0.808097E-01   0.138705E-02        3389
    350.000       0.516313E-01   0.110911E-02        2165
    370.000       0.371956E-01   0.941407E-03        1560
    390.000       0.255685E-01   0.780739E-03        1072
    10.0000        0.00000        0.00000               0
    30.0000        0.00000        0.00000               0
    50.0000        23.0821       0.175791E-01      967875
    70.0000        11.7539       0.147547E-01      492877
    90.0000        5.59997       0.109242E-01      234821
    110.000        2.79218       0.794071E-02      117086
    130.000        1.45342       0.580547E-02       60947
    150.000       0.781821       0.428576E-02       32784
    170.000       0.423823       0.316627E-02       17773
    190.000       0.242628       0.239990E-02       10174
    210.000       0.141231       0.183278E-02        5922
    230.000       0.866834E-01   0.143658E-02        3635
    250.000       0.514838E-01   0.110748E-02        2159
    270.000       0.316920E-01   0.869075E-03        1329
    290.000       0.203869E-01   0.697085E-03         855
    310.000       0.134259E-01   0.565764E-03         563
    330.000       0.877634E-02   0.457462E-03         368
    350.000       0.526981E-02   0.354468E-03         221
    370.000       0.390641E-02   0.316425E-03         154
    390.000       0.251970E-02   0.248272E-03         103
    10.0000        0.00000        0.00000               0
    30.0000        0.00000        0.00000               0
    50.0000        13.7661       0.114601E-01     1154469
    70.0000        11.3506       0.107093E-01      951917
    90.0000        7.83379       0.906778E-02      656979
    110.000        4.97126       0.748396E-02      416920
    130.000        3.11841       0.606279E-02      261530
    150.000        1.96521       0.487121E-02      164814
    170.000        1.23115       0.387969E-02      103255
    190.000       0.783128       0.310509E-02       65679
    210.000       0.501509       0.248744E-02       42061
    230.000       0.324958       0.200386E-02       27253
    250.000       0.209557       0.161171E-02       17575
    270.000       0.139724       0.131252E-02       11719
    290.000       0.918988E-01   0.106402E-02        7707
    310.000       0.637182E-01   0.886261E-03        5344
    330.000       0.447930E-01   0.743117E-03        3757
    350.000       0.284505E-01   0.591331E-03        2386
    370.000       0.204328E-01   0.501059E-03        1714
    390.000       0.140122E-01   0.415222E-03        1175
    5.00000        0.00000        0.00000               0
    15.0000        0.00000        0.00000               0
    25.0000        0.00000        0.00000               0
    35.0000        22.0372       0.288269E-01      462030
    45.0000        17.8711       0.266024E-01      374684
    55.0000        13.7210       0.238563E-01      287680
    65.0000        10.1832       0.209453E-01      213507
    75.0000        7.50098       0.182283E-01      157269
    85.0000        5.49785       0.157648E-01      115269
    95.0000        3.99814       0.135444E-01       83828
    105.000        2.92814       0.116523E-01       61391
    115.000        2.15688       0.100382E-01       45223
    125.000        1.60445       0.868092E-02       33640
    135.000        1.21837       0.757892E-02       25544
    145.000       0.919028       0.659170E-02       19269
    155.000       0.694028       0.573431E-02       14552
    165.000       0.550172       0.510899E-02       11536
    175.000       0.429044       0.451431E-02        8996
    185.000       0.328469       0.395187E-02        6887
    195.000       0.265081       0.355118E-02        5558
    5.00000        0.00000        0.00000               0
    15.0000        0.00000        0.00000               0
    25.0000        0.00000        0.00000               0
    35.0000        21.9654       0.287931E-01      460527
    45.0000        17.8937       0.266151E-01      375164
    55.0000        13.7235       0.238583E-01      287729
    65.0000        10.2290       0.209876E-01      214462
    75.0000        7.51672       0.182462E-01      157597
    85.0000        5.48102       0.157419E-01      114917
    95.0000        3.99620       0.135412E-01       83786
    105.000        2.91729       0.116313E-01       61164
    115.000        2.14881       0.100198E-01       45053
    125.000        1.61481       0.870831E-02       33858
    135.000        1.21827       0.757832E-02       25544
    145.000       0.916104       0.658106E-02       19209
    155.000       0.711064       0.580404E-02       14908
    165.000       0.536552       0.504577E-02       11250
    175.000       0.430632       0.452270E-02        9029
    185.000       0.334117       0.398572E-02        7005
    195.000       0.263276       0.353916E-02        5520
    5.00000        0.00000        0.00000               0
    15.0000        0.00000        0.00000               0
    25.0000        0.00000        0.00000               0
    35.0000        22.0013       0.209231E-01      922557
    45.0000        17.8824       0.192678E-01      749848
    55.0000        13.7222       0.170976E-01      575409
    65.0000        10.2061       0.149180E-01      427969
    75.0000        7.50885       0.129494E-01      314866
    85.0000        5.48943       0.111942E-01      230186
    95.0000        3.99717       0.964236E-02      167614
    105.000        2.92271       0.829740E-02      122555
    115.000        2.15284       0.715626E-02       90276
    125.000        1.60963       0.620798E-02       67498
    135.000        1.21832       0.540753E-02       51088
    145.000       0.917566       0.469758E-02       38478
    155.000       0.702546       0.411971E-02       29460
    165.000       0.543362       0.362235E-02       22786
    175.000       0.429838       0.323048E-02       18025
    185.000       0.331293       0.283043E-02       13892
    195.000       0.264178       0.252786E-02       11078
    5.00000        1.56413       0.857301E-02       32793
    15.0000        4.15324       0.137941E-01       87077
    25.0000        6.15457       0.166249E-01      129035
    35.0000        7.71738       0.184692E-01      161805
    45.0000        9.08341       0.198961E-01      190442
    55.0000        10.2497       0.210061E-01      214893
    65.0000        11.5652       0.221588E-01      242477
    75.0000        11.3199       0.219512E-01      237337
    85.0000        9.46641       0.202706E-01      198475
    95.0000        7.13045       0.178060E-01      149501
    105.000        5.05666       0.151523E-01      106022
    115.000        3.40846       0.125420E-01       71465
    125.000        2.18423       0.101000E-01       45798
    135.000        1.34797       0.796665E-02       28263
    145.000       0.804665       0.617115E-02       16872
    155.000       0.511033       0.492489E-02       10715
    165.000       0.342391       0.403446E-02        7179
    175.000       0.224318       0.326750E-02        4703
    185.000       0.161491       0.277315E-02        3386
    195.000       0.120531       0.239634E-02        2527
    5.00000       0.577473       0.523384E-02       12107
    15.0000        1.85464       0.932218E-02       38884
    25.0000        3.23981       0.122381E-01       67926
    35.0000        4.64487       0.145522E-01       97384
    45.0000        5.78779       0.161516E-01      121345
    55.0000        6.45373       0.169984E-01      135310
    65.0000        6.80263       0.174212E-01      142624
    75.0000        6.96534       0.176138E-01      146035
    85.0000        6.95385       0.175999E-01      145796
    95.0000        6.65690       0.172462E-01      139571
    105.000        6.26742       0.167669E-01      131406
    115.000        5.66969       0.159953E-01      118875
    125.000        4.84571       0.148486E-01      101596
    135.000        3.99585       0.135404E-01       83781
    145.000        3.26143       0.122774E-01       68382
    155.000        2.74089       0.112839E-01       57466
    165.000        2.33269       0.104305E-01       48908
    175.000        1.99990       0.967325E-02       41932
    185.000        1.72095       0.898558E-02       36082
    195.000        1.47684       0.833396E-02       30962
    5.00000        1.34718       0.796448E-02       28245
    15.0000        3.84645       0.132951E-01       80643
    25.0000        5.41632       0.156540E-01      113559
    35.0000        6.19852       0.166807E-01      129957
    45.0000        6.72815       0.173318E-01      141062
    55.0000        7.02199       0.176799E-01      147225
    65.0000        7.48463       0.182100E-01      156925
    75.0000        8.27526       0.190701E-01      173498
    85.0000        8.20238       0.189929E-01      171973
    95.0000        7.40668       0.181220E-01      155291
    105.000        6.30561       0.168148E-01      132206
    115.000        5.09218       0.152028E-01      106765
    125.000        3.98272       0.135194E-01       83503
    135.000        3.01058       0.118104E-01       63121
    145.000        2.27501       0.103036E-01       47698
    155.000        1.78963       0.915992E-02       37523
    165.000        1.45684       0.827790E-02       30545
    175.000        1.19325       0.750106E-02       25019
    185.000       0.983244       0.681604E-02       20615
    195.000       0.801763       0.616014E-02       16811
    5.00000        0.00000        0.00000               0
    15.0000        0.00000        0.00000               0
    25.0000        0.00000        0.00000               0
    35.0000        0.00000        0.00000               0
    45.0000        14.9710       0.247483E-01      313885
    55.0000        15.0960       0.248347E-01      316501
    65.0000        14.2043       0.242090E-01      297808
    75.0000        12.4160       0.228547E-01      260317
    85.0000        10.0932       0.208624E-01      211618
    95.0000        7.74010       0.184939E-01      162282
    105.000        5.67834       0.160071E-01      119054
    115.000        3.97499       0.135066E-01       83342
    125.000        2.70483       0.112113E-01       56711
    135.000        1.80303       0.919348E-02       37805
    145.000        1.19932       0.751994E-02       25146
    155.000       0.802881       0.616465E-02       16833
    165.000       0.563033       0.516819E-02       11805
    175.000       0.403568       0.437873E-02        8462
    185.000       0.303374       0.379832E-02        6361
    195.000       0.227933       0.329359E-02        4779
   -2.85000       0.413384       0.181260E-01         520
   -2.55000        5.64559       0.670158E-01        7102
   -2.25000        29.8673       0.155052           37573
   -1.95000        77.9945       0.251610           98116
   -1.65000        138.105       0.333765          173734
   -1.35000        192.173       0.389549          241748
   -1.05000        235.918       0.426248          296779
  -0.750000        269.709       0.450859          339288
  -0.450000        294.826       0.467597          370886
  -0.150000        306.341       0.474762          385369
   0.150000        307.025       0.475514          386228
   0.450000        293.353       0.466851          369029
   0.750000        268.583       0.450378          337871
    1.05000        235.757       0.426006          296575
    1.35000        192.232       0.389489          241819
    1.65000        137.998       0.333330          173599
    1.95000        78.4171       0.252265           98648
    2.25000        29.6150       0.154503           37255
    2.55000        5.68855       0.672968E-01        7156
    2.85000       0.403024       0.178969E-01         507
   -2.85000        0.00000        0.00000               0
   -2.55000        16.5535       0.114878           20825
   -2.25000        67.8165       0.233192           85313
   -1.95000        100.970       0.283966          127018
   -1.65000        140.266       0.332732          176453
   -1.35000        182.414       0.376777          229476
   -1.05000        222.445       0.412380          279829
  -0.750000        254.126       0.436972          319683
  -0.450000        276.937       0.453325          348377
  -0.150000        289.471       0.461749          364147
   0.150000        289.299       0.461871          363929
   0.450000        276.530       0.452969          347868
   0.750000        253.633       0.436514          319062
    1.05000        221.514       0.411469          278656
    1.35000        181.957       0.376128          228898
    1.65000        140.288       0.332750          176480
    1.95000        101.514       0.284713          127702
    2.25000        67.7192       0.233075           85190
    2.55000        16.6248       0.115205           20914
    2.85000        0.00000        0.00000               0
   -2.85000        0.00000        0.00000               0
   -2.55000        16.1234       0.159742           10141
   -2.25000        66.1024       0.321114           41578
   -1.95000        100.644       0.394237           63304
   -1.65000        139.825       0.462003           87947
   -1.35000        181.873       0.523608          114397
   -1.05000        222.486       0.575579          139942
  -0.750000        255.638       0.613857          160794
  -0.450000        278.433       0.638391          175129
  -0.150000        289.856       0.650202          182316
   0.150000        290.063       0.650414          182446
   0.450000        277.186       0.637079          174346
   0.750000        254.153       0.612216          159860
    1.05000        222.089       0.575102          139689
    1.35000        182.691       0.524720          114910
    1.65000        139.690       0.461787           87863
    1.95000        100.525       0.394008           63230
    2.25000        66.6461       0.322405           41920
    2.55000        16.0538       0.159391           10098
    2.85000        0.00000        0.00000               0
   -2.85000        0.00000        0.00000               0
   -2.55000        15.9896       0.159079           10057
   -2.25000        66.7511       0.322651           41987
   -1.95000        99.8085       0.392641           62780
   -1.65000        139.595       0.461643           87801
   -1.35000        182.806       0.524877          114983
   -1.05000        222.491       0.575591          139943
  -0.750000        255.301       0.613478          160583
  -0.450000        278.924       0.638896          175442
  -0.150000        290.519       0.650878          182733
   0.150000        289.716       0.650061          182227
   0.450000        277.017       0.636910          174239
   0.750000        254.867       0.613003          160309
    1.05000        221.862       0.574826          139547
    1.35000        181.697       0.523367          114286
    1.65000        140.165       0.462544           88160
    1.95000        100.364       0.393701           63128
    2.25000        66.1744       0.321283           41623
    2.55000        16.0287       0.159269           10082
    2.85000        0.00000        0.00000               0
   -2.85000        0.00000        0.00000               0
   -2.55000        16.0565       0.113212           20198
   -2.25000        66.4268       0.230830           83565
   -1.95000        100.226       0.282750          126084
   -1.65000        139.710       0.332075          175748
   -1.35000        182.340       0.376770          229380
   -1.05000        222.489       0.412223          279885
  -0.750000        255.470       0.438040          321377
  -0.450000        278.678       0.454615          350571
  -0.150000        290.187       0.462385          365049
   0.150000        289.890       0.461909          364673
   0.450000        277.101       0.453528          348585
   0.750000        254.510       0.437454          320169
    1.05000        221.976       0.412051          279236
    1.35000        182.194       0.376386          229196
    1.65000        139.927       0.332349          176023
    1.95000        100.444       0.283252          126358
    2.25000        66.4103       0.230856           83543
    2.55000        16.0412       0.113154           20180
    2.85000        0.00000        0.00000               0
   -2.85000        0.00000        0.00000               0
   -2.55000       0.149722       0.156218E-01          92
   -2.25000        4.04944       0.801923E-01        2547
   -1.95000        28.8544       0.213303           18149
   -1.65000        86.2521       0.365732           54251
   -1.35000        165.417       0.500588          104048
   -1.05000        242.367       0.598936          152445
  -0.750000        305.944       0.666326          192437
  -0.450000        347.956       0.705932          218862
  -0.150000        369.494       0.724978          232403
   0.150000        369.037       0.724571          232120
   0.450000        349.038       0.706898          219541
   0.750000        305.772       0.666160          192326
    1.05000        242.179       0.598712          152325
    1.35000        164.136       0.498748          103240
    1.65000        86.1519       0.365522           54189
    1.95000        28.8174       0.213164           18126
    2.25000        4.32605       0.828823E-01        2721
    2.55000       0.144597       0.156166E-01          87
    2.85000       0.177028E-02   0.177028E-02           1
   -2.85000        0.00000        0.00000               0
   -2.55000       0.416436       0.257260E-01         262
   -2.25000        12.2521       0.139319            7707
   -1.95000        45.6895       0.267755           28739
   -1.65000        101.031       0.394968           63548
   -1.35000        170.031       0.507175          106948
   -1.05000        237.181       0.592963          149185
  -0.750000        295.110       0.655532          185621
  -0.450000        334.925       0.694020          210663
  -0.150000        353.505       0.710911          222349
   0.150000        354.137       0.711479          222747
   0.450000        335.174       0.694248          210819
   0.750000        294.363       0.654779          185150
    1.05000        237.112       0.592869          149141
    1.35000        169.825       0.506885          106818
    1.65000        100.899       0.394718           63464
    1.95000        45.8277       0.268159           28825
    2.25000        12.0938       0.138423            7607
    2.55000       0.503941       0.283022E-01         317
    2.85000        0.00000        0.00000               0
   0.587500        69.8142       0.433658           25617
   0.762500        92.4528       0.498100           33922
   0.937500        115.929       0.556653           42537
    1.11250        141.042       0.612682           51752
    1.28750        167.944       0.667051           61618
    1.46250        199.599       0.725219           73237
    1.63750        233.517       0.782135           85681
    1.81250        269.835       0.838123           99005
    1.98750        312.188       0.898162          114546
    2.16250        355.534       0.954838          130449
    2.33750        400.702        1.00964          147018
    2.51250        446.050        1.06092          163662
    2.68750        489.305        1.10686          179531
    2.86250        525.200        1.14299          192699
    3.03750        552.162        1.16908          202590
    3.21250        380.912       0.986115          139760
    3.38750        213.658       0.749428           78393
    3.56250        133.585       0.596658           49013
    3.73750        84.1940       0.475669           30891
    3.91250        52.6622       0.377195           19322
   0.100000        0.00000        0.00000               0
   0.300000        0.00000        0.00000               0
   0.500000        66.8382       0.396702           28027
   0.700000        94.6533       0.470815           39691
   0.900000        123.767       0.536860           51898
    1.10000        151.517       0.592388           63536
    1.30000        183.812       0.650420           77077
    1.50000        217.074       0.704511           91022
    1.70000        255.575       0.761511          107169
    1.90000        294.931       0.814818          123672
    2.10000        340.909       0.871978          142952
    2.30000        389.306       0.927222          163249
    2.50000        434.931       0.975470          182377
    2.70000        477.498        1.01756          200225
    2.90000        506.834        1.04512          212531
    3.10000        488.536        1.02807          204852
    3.30000        266.458       0.776703          111734
    3.50000        152.793       0.594816           64069
    3.70000        90.2533       0.459939           37846
    3.90000        52.3853       0.351692           21966
   0.100000        0.00000        0.00000               0
   0.300000        0.00000        0.00000               0
   0.500000        147.886       0.585475           62010
   0.700000        213.834       0.699458           89663
   0.900000        260.973       0.769111          109430
    1.10000        286.058       0.803186          119949
    1.30000        287.075       0.804528          120379
    1.50000        279.313       0.794197          117124
    1.70000        272.677       0.785227          114342
    1.90000        272.876       0.785504          114424
    2.10000        283.146       0.799320          118730
    2.30000        307.422       0.830850          128909
    2.50000        347.937       0.880280          145900
    2.70000        392.129       0.930309          164432
    2.90000        441.689       0.982318          185213
    3.10000        437.903       0.978471          183623
    3.30000        196.162       0.671098           82256
    3.50000        99.6315       0.482804           41779
    3.70000        55.4692       0.361784           23260
    3.90000        30.9210       0.270753           12966
   0.100000        0.00000        0.00000               0
   0.300000        0.00000        0.00000               0
   0.500000        94.3449       0.470073           39560
   0.700000        160.446       0.609070           67279
   0.900000        229.132       0.722955           96078
    1.10000        289.615       0.807875          121442
    1.30000        329.755       0.858571          138274
    1.50000        349.285       0.881860          146466
    1.70000        355.360       0.888959          149011
    1.90000        355.047       0.888596          148881
    2.10000        353.887       0.887239          148394
    2.30000        356.231       0.889957          149378
    2.50000        357.716       0.891678          150000
    2.70000        363.924       0.898813          152605
    2.90000        366.256       0.901468          153583
    3.10000        341.580       0.872779          143231
    3.30000        157.936       0.604445           66225
    3.50000        81.1679       0.436558           34036
    3.70000        46.0606       0.329979           19314
    3.90000        27.3095       0.254545           11451
   0.100000        0.00000        0.00000               0
   0.300000        0.00000        0.00000               0
   0.500000        146.319       0.582459           61352
   0.700000        213.968       0.699657           89723
   0.900000        260.267       0.768110          109135
    1.10000        283.246       0.799462          118771
    1.30000        286.701       0.804038          120220
    1.50000        280.824       0.796223          117757
    1.70000        271.965       0.784264          114043
    1.90000        273.722       0.786656          114779
    2.10000        283.442       0.799711          118857
    2.30000        308.970       0.832820          129555
    2.50000        345.354       0.877247          144817
    2.70000        393.125       0.931397          164847
    2.90000        442.514       0.983131          185560
    3.10000        439.485       0.980077          184288
    3.30000        196.207       0.671175           82274
    3.50000        99.6264       0.482796           41776
    3.70000        55.7688       0.362753           23385
    3.90000        31.5800       0.273610           13242
   0.100000        0.00000        0.00000               0
   0.300000        0.00000        0.00000               0
   0.500000        94.6527       0.470820           39689
   0.700000        159.520       0.607375           66889
   0.900000        229.789       0.723930           96355
    1.10000        288.174       0.805988          120837
    1.30000        328.932       0.857566          137927
    1.50000        349.395       0.882010          146510
    1.70000        356.314       0.890070          149409
    1.90000        356.224       0.889962          149372
    2.10000        353.855       0.887203          148383
    2.30000        356.704       0.890520          149575
    2.50000        358.406       0.892466          150290
    2.70000        361.397       0.895925          151543
    2.90000        366.545       0.901803          153705
    3.10000        342.488       0.873838          143617
    3.30000        157.882       0.604331           66204
    3.50000        81.3475       0.437029           34112
    3.70000        45.7967       0.329036           19204
    3.90000        27.1859       0.253973           11399
    3.02500        0.00000        0.00000               0
    3.07500        0.00000        0.00000               0
    3.12500        2779.48        4.79724          291377
    3.17500        4406.15        5.76477          461904
    3.22500        2376.01        4.48413          249078
    3.27500        1722.09        3.88379          180527
    3.32500        1332.35        3.45045          139670
    3.37500        1063.40        3.10346          111479
    3.42500        863.240        2.81015           90496
    3.47500        704.604        2.54880           73865
    3.52500        584.415        2.32810           61265
    3.57500        480.586        2.11652           50381
    3.62500        396.424        1.92622           41558
    3.67500        326.139        1.75012           34189
    3.72500        274.978        1.60897           28827
    3.77500        228.042        1.46692           23905
    3.82500        188.296        1.33423           19739
    3.87500        154.637        1.21007           16211
    3.92500        127.591        1.09990           13375
    3.97500        107.262        1.00893           11245
   -2.85000        0.00000        0.00000               0
   -2.55000       0.473799       0.274447E-01         298
   -2.25000        12.1766       0.138896            7659
   -1.95000        46.3178       0.269570           29133
   -1.65000        101.692       0.396219           63964
   -1.35000        170.943       0.508472          107519
   -1.05000        237.401       0.593205          149325
  -0.750000        295.350       0.655772          185773
  -0.450000        333.437       0.692640          209726
  -0.150000        353.561       0.710972          222385
   0.150000        352.372       0.709900          221639
   0.450000        333.219       0.692423          209591
   0.750000        293.998       0.654403          184920
    1.05000        238.291       0.594250          149879
    1.35000        170.173       0.507372          107037
    1.65000        101.823       0.396469           64045
    1.95000        46.0110       0.268679           28942
    2.25000        12.3896       0.140100            7793
    2.55000       0.448305       0.266945E-01         282
    2.85000        0.00000        0.00000               0
    5.00000        0.00000        0.00000               0
    15.0000        0.00000        0.00000               0
    25.0000        0.00000        0.00000               0
    35.0000        5.55383       0.158404E-01      116441
    45.0000        12.9941       0.233080E-01      272431
    55.0000        14.8227       0.246459E-01      310774
    65.0000        13.3743       0.235979E-01      280408
    75.0000        10.8707       0.215627E-01      227918
    85.0000        8.40858       0.192097E-01      176296
    95.0000        6.35014       0.168701E-01      133141
    105.000        4.75517       0.147159E-01       99696
    115.000        3.55546       0.128005E-01       74545
    125.000        2.70490       0.112113E-01       56714
    135.000        2.06890       0.983543E-02       43378
    145.000        1.57526       0.860271E-02       33029
    155.000        1.21397       0.756526E-02       25453
    165.000       0.947361       0.669146E-02       19864
    175.000       0.754358       0.597662E-02       15817
    185.000       0.585171       0.526827E-02       12269
    195.000       0.469786       0.472293E-02        9850
    5.00000        0.00000        0.00000               0
    15.0000        0.00000        0.00000               0
    25.0000        0.00000        0.00000               0
    35.0000        38.4487       0.341167E-01      806116
    45.0000        22.7708       0.291743E-01      477417
    55.0000        12.6217       0.230177E-01      264635
    65.0000        7.03794       0.176984E-01      147561
    75.0000        4.14702       0.137842E-01       86948
    85.0000        2.57029       0.109361E-01       53890
    95.0000        1.64421       0.878621E-02       34473
    105.000        1.09026       0.717366E-02       22859
    115.000       0.750230       0.596024E-02       15731
    125.000       0.514353       0.494094E-02       10784
    135.000       0.367744       0.418082E-02        7710
    145.000       0.259870       0.351611E-02        5449
    155.000       0.191119       0.301648E-02        4007
    165.000       0.139363       0.257645E-02        2922
    175.000       0.105317       0.224018E-02        2208
    185.000       0.774157E-01   0.192093E-02        1623
    195.000       0.585712E-01   0.167096E-02        1228
   -2.85000        0.00000        0.00000               0
   -2.55000        14.5214       0.151636            9133
   -2.25000        61.8979       0.310920           38934
   -1.95000        96.9077       0.387058           60955
   -1.65000        138.318       0.459615           86997
   -1.35000        182.293       0.524179          114660
   -1.05000        223.956       0.577351          140864
  -0.750000        257.755       0.616193          162126
  -0.450000        282.230       0.642343          177522
  -0.150000        293.681       0.654091          184722
   0.150000        292.996       0.653393          184292
   0.450000        279.998       0.640032          176115
   0.750000        257.315       0.615712          161847
    1.05000        224.586       0.578109          141260
    1.35000        182.380       0.524297          114714
    1.65000        138.045       0.459174           86827
    1.95000        96.6177       0.386493           60773
    2.25000        62.1782       0.311611           39110
    2.55000        14.4020       0.151005            9059
    2.85000        0.00000        0.00000               0
   -2.85000        0.00000        0.00000               0
   -2.55000        17.5917       0.166817           11065
   -2.25000        70.9556       0.332457           44631
   -1.95000        103.545       0.399708           65129
   -1.65000        141.102       0.464017           88751
   -1.35000        182.387       0.524309          114720
   -1.05000        221.021       0.573809          139021
  -0.750000        253.184       0.611129          159251
  -0.450000        275.127       0.634914          173049
  -0.150000        286.694       0.646961          180327
   0.150000        286.783       0.647060          180381
   0.450000        274.205       0.633935          172470
   0.750000        251.706       0.609485          158322
    1.05000        219.365       0.571799          137976
    1.35000        182.008       0.523791          114482
    1.65000        141.810       0.465134           89196
    1.95000        104.271       0.401064           65585
    2.25000        70.6423       0.331739           44433
    2.55000        17.6804       0.167234           11121
    2.85000        0.00000        0.00000               0
