   0.500000        859.732       0.252740          999908
    330.000       0.841049E-01   0.109489E-02        5869
    390.000        2.64640       0.561463E-02      184672
    450.000        2.99977       0.589618E-02      209333
    510.000        2.37282       0.537199E-02      165582
    570.000        1.74128       0.470979E-02      121512
    630.000        1.24444       0.405193E-02       86840
    690.000       0.886447       0.346190E-02       61859
    750.000       0.630847       0.294558E-02       44022
    810.000       0.451062       0.250558E-02       31476
    870.000       0.327819       0.214463E-02       22876
    930.000       0.237623       0.183127E-02       16582
    990.000       0.176532       0.158152E-02       12319
    1050.00       0.128793       0.135290E-02        8988
    1110.00       0.958707E-01   0.116853E-02        6690
    1170.00       0.713375E-01   0.100878E-02        4978
    1230.00       0.531069E-01   0.870878E-03        3706
    1290.00       0.412141E-01   0.767499E-03        2876
    1350.00       0.308970E-01   0.664755E-03        2156
    1410.00       0.238164E-01   0.583749E-03        1662
    1470.00       0.176558E-01   0.502727E-03        1232
    10.0000       0.764418       0.568584E-02       35562
    30.0000        2.22867       0.955367E-02      103682
    50.0000        3.49033       0.117864E-01      162376
    70.0000        4.32934       0.129998E-01      201408
    90.0000        4.61484       0.133766E-01      214690
    110.000        4.35139       0.130294E-01      202434
    130.000        3.89684       0.123955E-01      181290
    150.000        3.49647       0.117959E-01      162662
    170.000        3.01205       0.110090E-01      140126
    190.000        2.50951       0.101059E-01      116748
    210.000        2.07963       0.924404E-02       96748
    230.000        1.70559       0.840619E-02       79348
    250.000        1.36835       0.755744E-02       63658
    270.000        1.08066       0.673728E-02       50274
    290.000       0.870219       0.605961E-02       40484
    310.000       0.668246       0.532163E-02       31088
    330.000       0.540955       0.479463E-02       25166
    350.000       0.422649       0.424343E-02       19662
    370.000       0.332915       0.376970E-02       15488
    390.000       0.259187       0.332880E-02       12058
    10.0000        1.97247       0.901335E-02       45882
    30.0000        3.91166       0.124170E-01       90989
    50.0000        4.79410       0.136051E-01      111515
    70.0000        5.50376       0.144544E-01      128023
    90.0000        6.64941       0.156673E-01      154671
    110.000        7.72351       0.166593E-01      179656
    130.000        7.23363       0.162224E-01      168261
    150.000        3.06103       0.110920E-01       71202
    170.000       0.999880       0.648627E-02       23258
    190.000       0.459488       0.442274E-02       10688
    210.000       0.248271       0.325835E-02        5775
    230.000       0.146944       0.250949E-02        3418
    250.000       0.904537E-01   0.197007E-02        2104
    270.000       0.583362E-01   0.158262E-02        1357
    290.000       0.400670E-01   0.131187E-02         932
    310.000       0.244631E-01   0.102527E-02         569
    330.000       0.182686E-01   0.885973E-03         425
    350.000       0.127240E-01   0.739461E-03         296
    370.000       0.825425E-02   0.595643E-03         192
    390.000       0.640615E-02   0.524772E-03         149
    10.0000        0.00000        0.00000               0
    30.0000       0.587813       0.499547E-02       13673
    50.0000        1.64525       0.826172E-02       38270
    70.0000        2.25127       0.959956E-02       52367
    90.0000        3.03425       0.110467E-01       70579
    110.000        3.79822       0.122518E-01       88350
    130.000        4.16719       0.127781E-01       96933
    150.000        4.09431       0.126766E-01       95237
    170.000        3.76742       0.122063E-01       87634
    190.000        3.31888       0.115159E-01       77200
    210.000        2.84384       0.107176E-01       66150
    230.000        2.37746       0.985100E-02       55302
    250.000        1.97797       0.902540E-02       46009
    270.000        1.61970       0.819964E-02       37676
    290.000        1.33074       0.745592E-02       30954
    310.000        1.08465       0.674937E-02       25230
    330.000       0.890893       0.612980E-02       20723
    350.000       0.718154       0.551381E-02       16705
    370.000       0.590736       0.500765E-02       13741
    390.000       0.479727       0.451809E-02       11159
    5.00000        0.00000        0.00000               0
    15.0000       0.937044E-02   0.897476E-03         109
    25.0000       0.296291       0.503934E-02        3446
    35.0000       0.859367       0.855643E-02        9995
    45.0000        1.42385       0.109805E-01       16560
    55.0000        2.01773       0.130294E-01       23467
    65.0000        2.67503       0.149486E-01       31112
    75.0000        3.47324       0.169591E-01       40395
    85.0000        4.50436       0.192027E-01       52388
    95.0000        5.69152       0.214421E-01       66195
    105.000        6.83025       0.233375E-01       79439
    115.000        7.61768       0.245346E-01       88597
    125.000        7.87912       0.249144E-01       91637
    135.000        7.45344       0.242918E-01       86687
    145.000        6.06838       0.220931E-01       70579
    155.000        3.81059       0.177303E-01       44319
    165.000        2.43812       0.142899E-01       28356
    175.000        2.19689       0.135822E-01       25551
    185.000        2.02744       0.130600E-01       23580
    195.000        1.85722       0.125114E-01       21600
    5.00000        0.00000        0.00000               0
    15.0000       0.803075E-01   0.262660E-02         934
    25.0000       0.764887       0.807651E-02        8896
    35.0000        1.43455       0.110211E-01       16684
    45.0000        2.11359       0.133284E-01       24582
    55.0000        2.87916       0.154910E-01       33486
    65.0000        3.84250       0.178013E-01       44690
    75.0000        5.24707       0.206394E-01       61026
    85.0000        6.78701       0.232691E-01       78936
    95.0000        8.08190       0.252031E-01       93996
    105.000        8.83340       0.262336E-01      102737
    115.000        8.93618       0.263699E-01      103932
    125.000        8.43166       0.256903E-01       98064
    135.000        7.25315       0.239910E-01       84357
    145.000        5.49282       0.210881E-01       63884
    155.000        3.13713       0.161474E-01       36486
    165.000        1.82349       0.123994E-01       21208
    175.000        1.51457       0.113194E-01       17615
    185.000        1.30287       0.105104E-01       15153
    195.000        1.09556       0.964876E-02       12742
    5.00000        0.00000        0.00000               0
    15.0000       0.323463       0.526460E-02        3762
    25.0000        1.46219       0.111250E-01       17006
    35.0000        2.11636       0.133369E-01       24614
    45.0000        2.75242       0.151569E-01       32012
    55.0000        3.45774       0.169225E-01       40215
    65.0000        4.32502       0.188354E-01       50302
    75.0000        5.26872       0.206794E-01       61278
    85.0000        5.87376       0.217602E-01       68314
    95.0000        6.04251       0.220495E-01       70277
    105.000        5.97945       0.219419E-01       69544
    115.000        5.67959       0.214209E-01       66057
    125.000        5.18603       0.205261E-01       60316
    135.000        4.68073       0.195559E-01       54439
    145.000        4.12054       0.184058E-01       47923
    155.000        3.65289       0.173747E-01       42485
    165.000        3.20126       0.163059E-01       37232
    175.000        2.77255       0.152105E-01       32246
    185.000        2.36948       0.140925E-01       27558
    195.000        2.09459       0.132696E-01       24361
    5.00000        0.00000        0.00000               0
    15.0000       0.896779E-01   0.277545E-02        1043
    25.0000        1.05972       0.949147E-02       12325
    35.0000        2.27930       0.138286E-01       26509
    45.0000        3.47460       0.169622E-01       40411
    55.0000        4.69999       0.195939E-01       54663
    65.0000        6.04180       0.220482E-01       70269
    75.0000        7.64555       0.245756E-01       88921
    85.0000        9.12629       0.266190E-01      106143
    95.0000        10.0692       0.278048E-01      117109
    105.000        10.2517       0.280253E-01      119233
    115.000        9.66584       0.273077E-01      112418
    125.000        8.45644       0.257244E-01       98352
    135.000        6.67705       0.230946E-01       77657
    145.000        4.27502       0.187313E-01       49721
    155.000        1.53554       0.113960E-01       17859
    165.000       0.196209       0.410303E-02        2282
    175.000       0.935488E-01   0.283468E-02        1088
    185.000       0.572635E-01   0.221823E-02         666
    195.000       0.505538E-01   0.208423E-02         588
    10.0000        0.00000        0.00000               0
    30.0000        0.00000        0.00000               0
    50.0000        3.28241       0.114572E-01       76352
    70.0000        9.11725       0.177765E-01      212076
    90.0000        9.34581       0.179435E-01      217393
    110.000        6.97473       0.159811E-01      162237
    130.000        4.77432       0.135802E-01      111055
    150.000        3.15242       0.112447E-01       73328
    170.000        2.07173       0.922711E-02       48191
    190.000        1.38274       0.759580E-02       32164
    210.000       0.924958       0.624362E-02       21515
    230.000       0.610472       0.508961E-02       14200
    250.000       0.412624       0.419325E-02        9598
    270.000       0.277637       0.344460E-02        6458
    290.000       0.200422       0.292907E-02        4662
    310.000       0.131287       0.237233E-02        3054
    330.000       0.883925E-01   0.194757E-02        2056
    350.000       0.652144E-01   0.167319E-02        1517
    370.000       0.458268E-01   0.140289E-02        1066
    390.000       0.310800E-01   0.115548E-02         723
    10.0000        0.00000        0.00000               0
    30.0000        0.00000        0.00000               0
    50.0000        19.9394       0.222249E-01      463809
    70.0000        11.3054       0.192158E-01      262974
    90.0000        5.46298       0.144078E-01      127074
    110.000        2.81701       0.106701E-01       65527
    130.000        1.49117       0.787866E-02       34686
    150.000       0.812395       0.585850E-02       18897
    170.000       0.459046       0.442058E-02       10678
    190.000       0.264001       0.335940E-02        6141
    210.000       0.160397       0.262143E-02        3731
    230.000       0.967713E-01   0.203756E-02        2251
    250.000       0.647879E-01   0.166776E-02        1507
    270.000       0.374007E-01   0.126749E-02         870
    290.000       0.243777E-01   0.102350E-02         567
    310.000       0.172846E-01   0.861910E-03         402
    330.000       0.112651E-01   0.695871E-03         262
    350.000       0.670647E-02   0.536905E-03         156
    370.000       0.541685E-02   0.482543E-03         126
    390.000       0.318137E-02   0.369812E-03          74
    10.0000        0.00000        0.00000               0
    30.0000        0.00000        0.00000               0
    50.0000        11.6109       0.140343E-01      540161
    70.0000        10.2113       0.136905E-01      475050
    90.0000        7.40440       0.117032E-01      344467
    110.000        4.89587       0.986470E-02      227764
    130.000        3.13274       0.808359E-02      145741
    150.000        1.98241       0.653320E-02       92225
    170.000        1.26539       0.526615E-02       58869
    190.000       0.823369       0.425763E-02       38305
    210.000       0.542677       0.347201E-02       25246
    230.000       0.353622       0.280708E-02       16451
    250.000       0.238706       0.230676E-02       11105
    270.000       0.157519       0.187378E-02        7328
    290.000       0.112400       0.158104E-02        5229
    310.000       0.742858E-01   0.128556E-02        3456
    330.000       0.498288E-01   0.104938E-02        2318
    350.000       0.359604E-01   0.893618E-03        1673
    370.000       0.256218E-01   0.754685E-03        1192
    390.000       0.171307E-01   0.610373E-03         797
    5.00000        0.00000        0.00000               0
    15.0000        0.00000        0.00000               0
    25.0000        0.00000        0.00000               0
    35.0000        19.3821       0.363763E-01      225421
    45.0000        16.0947       0.338696E-01      187190
    55.0000        12.5737       0.306045E-01      146239
    65.0000        9.51841       0.271221E-01      110703
    75.0000        7.10007       0.237572E-01       82577
    85.0000        5.25323       0.206508E-01       61098
    95.0000        3.90492       0.179392E-01       45416
    105.000        2.87643       0.154840E-01       33454
    115.000        2.14878       0.134363E-01       24991
    125.000        1.60838       0.116587E-01       18706
    135.000        1.21251       0.101443E-01       14102
    145.000       0.909603       0.880072E-02       10579
    155.000       0.698510       0.772086E-02        8124
    165.000       0.557916       0.690535E-02        6489
    175.000       0.423871       0.602315E-02        4930
    185.000       0.332740       0.533920E-02        3870
    195.000       0.261984       0.473950E-02        3047
    5.00000        0.00000        0.00000               0
    15.0000        0.00000        0.00000               0
    25.0000        0.00000        0.00000               0
    35.0000        19.3993       0.363884E-01      225622
    45.0000        16.0988       0.338731E-01      187237
    55.0000        12.5354       0.305651E-01      145792
    65.0000        9.50126       0.271006E-01      110504
    75.0000        7.14558       0.238270E-01       83106
    85.0000        5.29892       0.207351E-01       61629
    95.0000        3.88235       0.178894E-01       45154
    105.000        2.88550       0.155075E-01       33560
    115.000        2.16819       0.134954E-01       25217
    125.000        1.60365       0.116419E-01       18651
    135.000        1.19170       0.100581E-01       13860
    145.000       0.908379       0.879473E-02       10565
    155.000       0.696356       0.770903E-02        8099
    165.000       0.547021       0.683811E-02        6362
    175.000       0.411596       0.593585E-02        4787
    185.000       0.329234       0.531126E-02        3829
    195.000       0.259488       0.471688E-02        3018
    5.00000        0.00000        0.00000               0
    15.0000        0.00000        0.00000               0
    25.0000        0.00000        0.00000               0
    35.0000        19.3907       0.262261E-01      451043
    45.0000        16.0968       0.244165E-01      374427
    55.0000        12.5546       0.218549E-01      292031
    65.0000        9.50983       0.192744E-01      221207
    75.0000        7.12282       0.168706E-01      165683
    85.0000        5.27607       0.146721E-01      122727
    95.0000        3.89364       0.127301E-01       90570
    105.000        2.88096       0.110312E-01       67014
    115.000        2.15848       0.958474E-02       50208
    125.000        1.60601       0.831023E-02       37357
    135.000        1.20210       0.720515E-02       27962
    145.000       0.908991       0.627472E-02       21144
    155.000       0.697433       0.550886E-02       16223
    165.000       0.552469       0.490726E-02       12851
    175.000       0.417734       0.426199E-02        9717
    185.000       0.330987       0.379408E-02        7699
    195.000       0.260736       0.337011E-02        6065
    5.00000        1.35531       0.107167E-01       15763
    15.0000        3.58723       0.172242E-01       41721
    25.0000        5.33212       0.207960E-01       62015
    35.0000        6.79220       0.232776E-01       78996
    45.0000        8.00223       0.250903E-01       93070
    55.0000        9.10513       0.265916E-01      105897
    65.0000        10.2976       0.280802E-01      119765
    75.0000        10.1988       0.279616E-01      118617
    85.0000        8.92908       0.263604E-01      103850
    95.0000        6.99991       0.236025E-01       81412
    105.000        5.08776       0.203419E-01       59173
    115.000        3.54400       0.171242E-01       41218
    125.000        2.34642       0.140254E-01       27290
    135.000        1.49342       0.112414E-01       17369
    145.000       0.932720       0.891065E-02       10848
    155.000       0.566110       0.695569E-02        6584
    165.000       0.364147       0.558473E-02        4235
    175.000       0.252699       0.465495E-02        2939
    185.000       0.185195       0.398635E-02        2154
    195.000       0.131810       0.336410E-02        1533
    5.00000       0.473826       0.636655E-02        5511
    15.0000        1.51922       0.113364E-01       17669
    25.0000        2.71717       0.150624E-01       31602
    35.0000        3.92124       0.179750E-01       45606
    45.0000        4.95542       0.200905E-01       57634
    55.0000        5.71548       0.214842E-01       66474
    65.0000        6.11755       0.221764E-01       71150
    75.0000        6.30046       0.224821E-01       73277
    85.0000        6.34327       0.225530E-01       73774
    95.0000        6.19468       0.223060E-01       72047
    105.000        5.81993       0.216668E-01       67688
    115.000        5.32236       0.207780E-01       61902
    125.000        4.69177       0.195778E-01       54567
    135.000        3.95772       0.180548E-01       46030
    145.000        3.25077       0.164269E-01       37808
    155.000        2.68242       0.149686E-01       31198
    165.000        2.25204       0.137477E-01       26192
    175.000        1.95427       0.128272E-01       22729
    185.000        1.64367       0.117835E-01       19117
    195.000        1.40149       0.108951E-01       16300
    5.00000        1.18166       0.100162E-01       13743
    15.0000        3.39591       0.167763E-01       39496
    25.0000        4.81897       0.198271E-01       56047
    35.0000        5.63060       0.213343E-01       65486
    45.0000        6.04162       0.220478E-01       70267
    55.0000        6.39804       0.226429E-01       74412
    65.0000        6.73457       0.231862E-01       78326
    75.0000        7.34775       0.241335E-01       85458
    85.0000        7.38900       0.241955E-01       85937
    95.0000        6.74225       0.231985E-01       78415
    105.000        5.89679       0.218000E-01       68582
    115.000        4.86124       0.199092E-01       56539
    125.000        3.88794       0.179016E-01       45219
    135.000        3.01207       0.158330E-01       35032
    145.000        2.33989       0.140064E-01       27214
    155.000        1.80653       0.123427E-01       21011
    165.000        1.42541       0.109864E-01       16578
    175.000        1.14347       0.985504E-02       13299
    185.000       0.947927       0.898217E-02       11025
    195.000       0.788527       0.819930E-02        9171
    5.00000        0.00000        0.00000               0
    15.0000        0.00000        0.00000               0
    25.0000        0.00000        0.00000               0
    35.0000        0.00000        0.00000               0
    45.0000        13.2745       0.313104E-01      154389
    55.0000        13.3726       0.314068E-01      155529
    65.0000        12.6947       0.307286E-01      147645
    75.0000        11.1792       0.291033E-01      130020
    85.0000        9.27418       0.268107E-01      107862
    95.0000        7.32208       0.240951E-01       85159
    105.000        5.50710       0.211137E-01       64050
    115.000        3.97965       0.181025E-01       46285
    125.000        2.77459       0.152158E-01       32270
    135.000        1.91308       0.126942E-01       22250
    145.000        1.29978       0.104981E-01       15117
    155.000       0.874167       0.862919E-02       10167
    165.000       0.605212       0.719029E-02        7039
    175.000       0.441949       0.614989E-02        5140
    185.000       0.325953       0.528468E-02        3791
    195.000       0.237480       0.451297E-02        2762
   -2.85000       0.299526       0.207165E-01         209
   -2.55000        4.97109       0.845348E-01        3469
   -2.25000        25.9032       0.193459           18076
   -1.95000        70.0506       0.319925           48883
   -1.65000        125.627       0.426128           87665
   -1.35000        176.196       0.500077          122954
   -1.05000        218.279       0.548967          152322
  -0.750000        250.855       0.582319          175053
  -0.450000        274.217       0.603396          191356
  -0.150000        285.800       0.613141          199439
   0.150000        285.327       0.613195          199109
   0.450000        274.980       0.604330          191889
   0.750000        250.119       0.581322          174540
    1.05000        218.357       0.549674          152375
    1.35000        177.389       0.501179          123787
    1.65000        125.459       0.426107           87549
    1.95000        70.8805       0.321961           49462
    2.25000        25.7530       0.193134           17971
    2.55000        4.96388       0.843762E-01        3464
    2.85000       0.335366       0.219212E-01         234
   -2.85000        0.00000        0.00000               0
   -2.55000        15.2562       0.147752           10646
   -2.25000        62.8266       0.300850           43842
   -1.95000        92.6317       0.364119           64641
   -1.65000        129.690       0.428990           90501
   -1.35000        168.526       0.484843          117602
   -1.05000        203.892       0.528268          142282
  -0.750000        234.748       0.562069          163813
  -0.450000        256.919       0.583706          179284
  -0.150000        268.402       0.595052          187299
   0.150000        267.435       0.593816          186624
   0.450000        256.937       0.584082          179298
   0.750000        233.922       0.561472          163237
    1.05000        203.966       0.529126          142333
    1.35000        169.351       0.485914          118178
    1.65000        129.028       0.427954           90039
    1.95000        93.8423       0.366529           65486
    2.25000        63.2061       0.301795           44107
    2.55000        15.1959       0.147784           10604
    2.85000        0.00000        0.00000               0
   -2.85000        0.00000        0.00000               0
   -2.55000        14.5508       0.203738            5077
   -2.25000        60.2592       0.411566           21025
   -1.95000        91.3893       0.504272           31887
   -1.65000        128.234       0.593714           44742
   -1.35000        168.672       0.676328           58852
   -1.05000        205.137       0.741264           71575
  -0.750000        236.144       0.791101           82393
  -0.450000        258.571       0.824608           90219
  -0.150000        270.086       0.841081           94237
   0.150000        268.466       0.838794           93672
   0.450000        258.466       0.824449           90183
   0.750000        236.314       0.791359           82454
    1.05000        205.693       0.742202           71769
    1.35000        167.823       0.674720           58556
    1.65000        128.409       0.594099           44803
    1.95000        91.3807       0.504250           31884
    2.25000        61.3871       0.415322           21419
    2.55000        14.7918       0.205412            5161
    2.85000        0.00000        0.00000               0
   -2.85000        0.00000        0.00000               0
   -2.55000        14.8322       0.205692            5175
   -2.25000        60.6457       0.412858           21160
   -1.95000        91.9827       0.505857           32094
   -1.65000        128.650       0.594631           44888
   -1.35000        168.549       0.676095           58809
   -1.05000        204.346       0.739935           71299
  -0.750000        235.611       0.790281           82208
  -0.450000        258.069       0.823878           90044
  -0.150000        269.255       0.839911           93947
   0.150000        269.125       0.839728           93901
   0.450000        258.794       0.824931           90297
   0.750000        236.678       0.791920           82580
    1.05000        204.579       0.740332           71380
    1.35000        168.259       0.675545           58708
    1.65000        128.816       0.595001           44946
    1.95000        92.2506       0.506569           32188
    2.25000        60.2451       0.411521           21020
    2.55000        15.0868       0.207440            5264
    2.85000        0.00000        0.00000               0
   -2.85000        0.00000        0.00000               0
   -2.55000        14.6915       0.145479           10252
   -2.25000        60.4525       0.295324           42185
   -1.95000        91.6860       0.362482           63981
   -1.65000        128.442       0.427086           89630
   -1.35000        168.610       0.484837          117661
   -1.05000        204.741       0.530104          142874
  -0.750000        235.877       0.563811          164601
  -0.450000        258.320       0.585720          180263
  -0.150000        269.671       0.596457          188184
   0.150000        268.796       0.595729          187573
   0.450000        258.630       0.586223          180480
   0.750000        236.496       0.564010          165034
    1.05000        205.136       0.530875          143149
    1.35000        168.041       0.484808          117264
    1.65000        128.613       0.427239           89749
    1.95000        91.8156       0.363064           64072
    2.25000        60.8161       0.296325           42439
    2.55000        14.9393       0.146419           10425
    2.85000        0.00000        0.00000               0
   -2.85000        0.00000        0.00000               0
   -2.55000       0.136335       0.239246E-01          35
   -2.25000        3.34455       0.978517E-01        1167
   -1.95000        24.6654       0.264830            8606
   -1.65000        76.9017       0.463678           26832
   -1.35000        149.682       0.639154           52226
   -1.05000        223.134       0.770722           77854
  -0.750000        284.912       0.861623           99410
  -0.450000        324.030       0.912549          113058
  -0.150000        345.144       0.938263          120426
   0.150000        344.902       0.937979          120341
   0.450000        324.848       0.913565          113344
   0.750000        283.605       0.859839           98954
    1.05000        225.179       0.773977           78568
    1.35000        149.591       0.638970           52194
    1.65000        76.8951       0.463658           26830
    1.95000        25.2471       0.267911            8809
    2.25000        3.47375       0.997249E-01        1212
    2.55000       0.139537       0.217302E-01          42
    2.85000        0.00000        0.00000               0
   -2.85000        0.00000        0.00000               0
   -2.55000       0.369736       0.325512E-01         129
   -2.25000        10.7566       0.175282            3753
   -1.95000        41.4605       0.342426           14466
   -1.65000        92.1190       0.506218           32142
   -1.35000        155.671       0.651159           54316
   -1.05000        218.348       0.763040           76184
  -0.750000        273.191       0.845446           95320
  -0.450000        311.037       0.896124          108525
  -0.150000        329.810       0.919699          115075
   0.150000        329.484       0.919298          114962
   0.450000        309.256       0.893839          107904
   0.750000        273.801       0.846295           95533
    1.05000        219.095       0.764244           76445
    1.35000        155.981       0.651774           54424
    1.65000        92.4330       0.507057           32251
    1.95000        41.4317       0.342308           14456
    2.25000        11.0713       0.177814            3863
    2.55000       0.458586       0.362516E-01         160
    2.85000        0.00000        0.00000               0
   0.587500        73.6594       0.597451           14992
   0.762500        96.5461       0.682525           19650
   0.937500        120.618       0.761124           24550
    1.11250        145.686       0.834498           29652
    1.28750        171.726       0.903754           34952
    1.46250        198.037       0.968065           40307
    1.63750        230.194        1.04047           46852
    1.81250        257.584        1.09769           52427
    1.98750        297.577        1.17522           60567
    2.16250        330.500        1.23451           67267
    2.33750        367.483        1.29697           74795
    2.51250        400.578        1.34962           81531
    2.68750        438.264        1.40633           89201
    2.86250        463.788        1.44297           94396
    3.03750        484.766        1.47208           98666
    3.21250        334.383        1.24126           68058
    3.38750        189.483       0.947711           38566
    3.56250        117.622       0.751829           23940
    3.73750        75.1621       0.603423           15298
    3.91250        48.1677       0.484281            9804
   0.100000        0.00000        0.00000               0
   0.300000        0.00000        0.00000               0
   0.500000        63.5911       0.519308           14792
   0.700000        88.2691       0.610207           20532
   0.900000        114.953       0.694340           26739
    1.10000        143.804       0.774159           33450
    1.30000        170.364       0.840167           39628
    1.50000        203.216       0.914275           47270
    1.70000        237.105       0.983843           55153
    1.90000        274.682        1.05448           63894
    2.10000        315.796        1.12539           73457
    2.30000        361.699        1.19809           84134
    2.50000        401.800        1.25692           93462
    2.70000        437.991        1.30677          101880
    2.90000        464.656        1.34174          108084
    3.10000        447.200        1.31901          104023
    3.30000        242.247       0.993877           56349
    3.50000        141.370       0.767783           32884
    3.70000        83.6337       0.594262           19454
    3.90000        48.6396       0.454909           11314
   0.100000        0.00000        0.00000               0
   0.300000        0.00000        0.00000               0
   0.500000        117.131       0.700722           27246
   0.700000        175.557       0.852388           40836
   0.900000        222.046       0.953693           51650
    1.10000        252.243        1.01304           58674
    1.30000        260.823        1.02914           60670
    1.50000        261.042        1.02954           60721
    1.70000        262.563        1.03236           61075
    1.90000        262.449        1.03215           61048
    2.10000        273.722        1.05275           63670
    2.30000        292.294        1.08559           67990
    2.50000        328.036        1.14539           76304
    2.70000        370.454        1.21127           86171
    2.90000        416.320        1.27726           96840
    3.10000        411.301        1.27029           95672
    3.30000        184.433       0.872812           42901
    3.50000        92.3404       0.623845           21479
    3.70000        51.9242       0.469849           12078
    3.90000        29.6123       0.355674            6888
   0.100000        0.00000        0.00000               0
   0.300000        0.00000        0.00000               0
   0.500000        79.3229       0.579018           18451
   0.700000        135.507       0.752179           31520
   0.900000        197.103       0.901022           45848
    1.10000        252.981        1.01444           58846
    1.30000        293.386        1.08747           68245
    1.50000        320.223        1.13267           74487
    1.70000        330.807        1.14985           76949
    1.90000        334.897        1.15639           77900
    2.10000        335.065        1.15666           77939
    2.30000        336.709        1.15928           78321
    2.50000        339.701        1.16402           79017
    2.70000        343.994        1.17078           80016
    2.90000        346.352        1.17446           80565
    3.10000        324.920        1.14034           75579
    3.30000        149.232       0.788161           34713
    3.50000        77.5083       0.572470           18029
    3.70000        42.5173       0.425593            9890
    3.90000        25.7041       0.331508            5979
   0.100000        0.00000        0.00000               0
   0.300000        0.00000        0.00000               0
   0.500000        115.252       0.695214           26809
   0.700000        175.197       0.851548           40752
   0.900000        222.365       0.954347           51724
    1.10000        251.701        1.01202           58548
    1.30000        259.401        1.02649           60339
    1.50000        261.178        1.02979           60752
    1.70000        260.825        1.02914           60670
    1.90000        262.769        1.03275           61122
    2.10000        274.405        1.05398           63829
    2.30000        295.821        1.09169           68811
    2.50000        327.354        1.14428           76146
    2.70000        371.863        1.21338           86499
    2.90000        416.155        1.27703           96802
    3.10000        413.375        1.27318           96155
    3.30000        183.630       0.870989           42714
    3.50000        92.1895       0.623346           21444
    3.70000        52.0398       0.470362           12105
    3.90000        29.5083       0.355048            6864
   0.100000        0.00000        0.00000               0
   0.300000        0.00000        0.00000               0
   0.500000        79.4434       0.579451           18479
   0.700000        135.655       0.752569           31555
   0.900000        196.961       0.900711           45815
    1.10000        254.476        1.01726           59194
    1.30000        293.472        1.08763           68264
    1.50000        319.966        1.13226           74427
    1.70000        330.591        1.14950           76899
    1.90000        335.026        1.15660           77930
    2.10000        335.790        1.15782           78108
    2.30000        338.999        1.16291           78854
    2.50000        339.183        1.16320           78897
    2.70000        341.163        1.16633           79358
    2.90000        347.344        1.17601           80795
    3.10000        324.163        1.13911           75403
    3.30000        148.457       0.786184           34532
    3.50000        76.5574       0.569002           17808
    3.70000        43.1330       0.428640           10033
    3.90000        25.5235       0.330348            5937
    3.02500        0.00000        0.00000               0
    3.07500        0.00000        0.00000               0
    3.12500        2574.48        6.18182          149712
    3.17500        4073.07        7.40831          236858
    3.22500        2215.63        5.79782          128844
    3.27500        1584.59        4.99542           92148
    3.32500        1242.54        4.46723           72257
    3.37500        983.198        4.00298           57175
    3.42500        798.261        3.62552           46421
    3.47500        647.546        3.27903           37656
    3.52500        536.714        2.99435           31211
    3.57500        440.754        2.72061           25631
    3.62500        369.520        2.49591           21488
    3.67500        302.462        2.26219           17589
    3.72500        251.975        2.06760           14653
    3.77500        207.953        1.88054           12093
    3.82500        173.338        1.71851           10080
    3.87500        143.178        1.56314            8326
    3.92500        118.205        1.42122            6874
    3.97500        99.0847        1.30188            5762
   -2.85000        0.00000        0.00000               0
   -2.55000       0.464304       0.364763E-01         162
   -2.25000        11.1949       0.178802            3906
   -1.95000        41.1422       0.341124           14355
   -1.65000        92.5162       0.507278           32280
   -1.35000        155.436       0.650693           54234
   -1.05000        219.009       0.764105           76415
  -0.750000        273.447       0.845803           95409
  -0.450000        310.401       0.895306          108303
  -0.150000        328.972       0.918671          114783
   0.150000        329.105       0.918833          114830
   0.450000        310.433       0.895350          108314
   0.750000        271.235       0.842698           94637
    1.05000        220.025       0.765739           76770
    1.35000        156.130       0.652070           54476
    1.65000        92.7874       0.507996           32375
    1.95000        42.1175       0.345096           14695
    2.25000        10.9682       0.176988            3827
    2.55000       0.392674       0.335462E-01         137
    2.85000        0.00000        0.00000               0
    5.00000        0.00000        0.00000               0
    15.0000        0.00000        0.00000               0
    25.0000        0.00000        0.00000               0
    35.0000        4.59964       0.193945E-01       53495
    45.0000        11.0940       0.290071E-01      129028
    55.0000        13.0724       0.311100E-01      152039
    65.0000        12.1844       0.301990E-01      141710
    75.0000        10.1954       0.279577E-01      118577
    85.0000        8.04572       0.251519E-01       93576
    95.0000        6.18148       0.222838E-01       71894
    105.000        4.70736       0.196083E-01       54749
    115.000        3.59258       0.172366E-01       41783
    125.000        2.69441       0.150012E-01       31337
    135.000        2.06046       0.131636E-01       23964
    145.000        1.56856       0.115159E-01       18243
    155.000        1.20897       0.101297E-01       14061
    165.000       0.966772       0.907023E-02       11244
    175.000       0.729633       0.788970E-02        8486
    185.000       0.584335       0.706609E-02        6796
    195.000       0.466618       0.631829E-02        5427
    5.00000        0.00000        0.00000               0
    15.0000        0.00000        0.00000               0
    25.0000        0.00000        0.00000               0
    35.0000        34.1817       0.432601E-01      397548
    45.0000        21.0996       0.375152E-01      245399
    55.0000        12.0367       0.300423E-01      139992
    65.0000        6.83523       0.233451E-01       79497
    75.0000        4.05024       0.182552E-01       47106
    85.0000        2.50642       0.144832E-01       29151
    95.0000        1.60579       0.116495E-01       18676
    105.000        1.05457       0.946873E-02       12265
    115.000       0.724386       0.786150E-02        8425
    125.000       0.517614       0.665283E-02        6020
    135.000       0.343747       0.542651E-02        3998
    145.000       0.249421       0.462467E-02        2901
    155.000       0.185897       0.399402E-02        2162
    165.000       0.138165       0.344405E-02        1607
    175.000       0.105835       0.301477E-02        1231
    185.000       0.776387E-01   0.258257E-02         903
    195.000       0.548546E-01   0.217107E-02         638
   -2.85000        0.00000        0.00000               0
   -2.55000        13.4446       0.195875            4691
   -2.25000        56.1034       0.397389           19575
   -1.95000        88.9189       0.497612           31025
   -1.65000        126.398       0.589628           44102
   -1.35000        168.823       0.676611           58905
   -1.05000        206.117       0.742908           71917
  -0.750000        237.742       0.793559           82951
  -0.450000        262.494       0.830270           91588
  -0.150000        272.350       0.844266           95027
   0.150000        271.127       0.842552           94600
   0.450000        263.130       0.831182           91810
   0.750000        238.414       0.794580           83186
    1.05000        206.271       0.743170           71970
    1.35000        169.168       0.677264           59025
    1.65000        126.897       0.590741           44276
    1.95000        88.0439       0.495227           30720
    2.25000        56.8020       0.399809           19819
    2.55000        13.5305       0.196498            4721
    2.85000        0.00000        0.00000               0
   -2.85000        0.00000        0.00000               0
   -2.55000        15.9384       0.213187            5561
   -2.25000        64.8016       0.426480           22610
   -1.95000        94.4531       0.512399           32956
   -1.65000        130.486       0.598677           45528
   -1.35000        168.398       0.675813           58756
   -1.05000        203.366       0.738282           70957
  -0.750000        234.013       0.787810           81650
  -0.450000        254.146       0.818148           88675
  -0.150000        266.991       0.836698           93157
   0.150000        266.465       0.835954           92973
   0.450000        254.131       0.818128           88670
   0.750000        234.579       0.788683           81848
    1.05000        204.001       0.739356           71179
    1.35000        166.914       0.672991           58239
    1.65000        130.328       0.598332           45473
    1.95000        95.5874       0.515366           33352
    2.25000        64.8301       0.426574           22620
    2.55000        16.3481       0.215894            5704
    2.85000        0.00000        0.00000               0
